1 3
2 5
3 7
4 11
5 13
6 17
7 19
8 23
9 29
10 31
11 37
12 41
13 43
14 47
15 53
16 59
17 61
18 67
19 71
20 73
21 79
22 83
23 89
24 101
25 103
26 107
27 109
28 113
29 131
30 137
31 139
32 151
33 157
34 163
35 167
36 173
37 179
38 181
39 193
40 197
41 199
42 233
43 239
44 241
45 271
46 277
47 281
48 283
49 311
50 313
51 317
52 353
53 359
54 389
55 401
56 421
57 433
58 439
59 443
60 449
61 461
62 463
63 467
64 491
65 503
66 509
67 523
68 571
69 577
70 601
71 607
72 613
73 617
74 619
75 643
76 647
77 653
78 659
79 661
80 677
81 683
82 761
83 773
84 811
85 823
86 827
87 829
88 857
89 859
90 863
91 881
92 883
93 887
94 941
95 947
96 953
97 971
98 977
99 983
100 1013
101 1019
102 1021
103 1033
104 1039
105 1051
106 1063
107 1069
108 1091
109 1093
110 1097
111 1103
112 1109
113 1153
114 1223
115 1229
116 1231
117 1237
118 1279
119 1283
120 1289
121 1291
122 1297
123 1301
124 1303
125 1307
126 1321
127 1327
128 1427
129 1429
130 1433
131 1439
132 1451
133 1453
134 1459
135 1483
136 1487
137 1489
138 1493
139 1499
140 1553
141 1559
142 1571
143 1583
144 1601
145 1607
146 1609
147 1613
148 1619
149 1621
150 1627
151 1723
152 1933
153 1951
154 1997
155 1999
156 2003
157 2083
158 2087
159 2089
160 2113
161 2131
162 2137
163 2141
164 2143
165 2213
166 2243
167 2273
168 2311
169 2341
170 2347
171 2351
172 2357
173 2393
174 2399
175 2477
176 2543
177 2549
178 2551
179 2557
180 2621
181 2663
182 2693
183 2699
184 2711
185 2713
186 2719
187 2731
188 2753
189 2791
190 2797
191 2801
192 2803
193 2837
194 2843
195 2861
196 2971
197 3023
198 3041
199 3083
200 3089
201 3221
202 3253
203 3257
204 3259
205 3347
206 3361
207 3373
208 3391
209 3461
210 3463
211 3467
212 3469
213 3533
214 3539
215 3541
216 3547
217 3559
218 3583
219 3623
220 3673
221 3677
222 3769
223 3797
224 3803
225 3823
226 3851
227 3853
228 3881
229 3911
230 3917
231 3919
232 3923
233 3929
234 3931
235 3947
236 4021
237 4027
238 4051
239 4057
240 4099
241 4133
242 4139
243 4157
244 4159
245 4231
246 4243
247 4261
248 4273
249 4423
250 4457
251 4463
252 4483
253 4523
254 4643
255 4649
256 4651
257 4657
258 4663
259 4723
260 4729
261 4733
262 4793
263 4799
264 4801
265 4817
266 4933
267 4937
268 4943
269 4973
270 5009
271 5011
272 5023
273 5081
274 5087
275 5101
276 5107
277 5113
278 5119
279 5231
280 5233
281 5237
282 5351
283 5417
284 5419
285 5441
286 5443
287 5449
288 5479
289 5483
290 5503
291 5507
292 5521
293 5527
294 5531
295 5651
296 5653
297 5657
298 5659
299 5843
300 5849
301 5851
302 5857
303 5861
304 5867
305 5869
306 5881
307 6047
308 6053
309 6091
310 6133
311 6221
312 6271
313 6277
314 6301
315 6361
316 6367
317 6373
318 6379
319 6473
320 6571
321 6577
322 6581
323 6661
324 6703
325 6709
326 6737
327 6781
328 6793
329 6833
330 6871
331 6911
332 6917
333 6961
334 6967
335 6971
336 6977
337 6983
338 7001
339 7211
340 7213
341 7219
342 7247
343 7253
344 7351
345 7481
346 7487
347 7489
348 7541
349 7547
350 7549
351 7561
352 7577
353 7583
354 7589
355 7591
356 7607
357 7643
358 7649
359 7691
360 7703
361 7883
362 7937
363 7951
364 8089
365 8093
366 8233
367 8237
368 8243
369 8291
370 8293
371 8297
372 8389
373 8429
374 8431
375 8447
376 8543
377 8627
378 8629
379 8681
380 8693
381 8699
382 8741
383 8747
384 8753
385 8783
386 8821
387 8839
388 8863
389 8867
390 8971
391 9011
392 9013
393 9043
394 9049
395 9203
396 9209
397 9241
398 9341
399 9343
400 9349
401 9421
402 9433
403 9437
404 9439
405 9463
406 9467
407 9473
408 9479
409 9623
410 9629
411 9631
412 9721
413 9743
414 9749
415 9769
416 9791
417 9833
418 9839
419 9859
420 9931
421 10141
422 10163
423 10169
424 10181
425 10253
426 10259
427 10271
428 10273
429 10303
430 10333
431 10337
432 10343
433 10501
434 10711
435 10733
436 10739
437 10861
438 10867
439 10891
440 11071
441 11087
442 11093
443 11173
444 11177
445 11261
446 11321
447 11353
448 11491
449 11497
450 11503
451 11551
452 11597
453 11701
454 11719
455 11831
456 11833
457 11839
458 11941
459 12113
460 12119
461 12163
462 12281
463 12413
464 12491
465 12497
466 12503
467 12541
468 12547
469 12553
470 12613
471 12619
472 12641
473 12647
474 12653
475 12659
476 12823
477 12829
478 12911
479 12917
480 12919
481 12923
482 13003
483 13007
484 13009
485 13043
486 13049
487 13163
488 13331
489 13337
490 13339
491 13691
492 13693
493 13697
494 13711
495 13723
496 13729
497 13759
498 13763
499 13831
500 13877
501 13879
502 13883
503 13903
504 13907
505 13913
506 13933
507 14011
508 14033
509 14087
510 14159
511 14177
512 14251
513 14323
514 14327
515 14411
516 14423
517 14537
518 14543
519 14549
520 14551
521 14557
522 14561
523 14563
524 14657
525 14717
526 14723
527 14741
528 14747
529 14753
530 14759
531 14771
532 14783
533 14831
534 14891
535 14897
536 14951
537 14957
538 15083
539 15139
540 15289
541 15331
542 15377
543 15383
544 15583
545 15643
546 15647
547 15649
548 15671
549 15683
550 16073
551 16091
552 16097
553 16103
554 16141
555 16193
556 16253
557 16363
558 16369
559 16433
560 16451
561 16453
562 16487
563 16493
564 16633
565 16651
566 16657
567 16661
568 16693
569 16699
570 16703
571 16903
572 16937
573 16943
574 17029
575 17033
576 17191
577 17207
578 17209
579 17327
580 17333
581 17393
582 17483
583 17489
584 17491
585 17497
586 17599
587 17627
588 17683
589 17749
590 17791
591 17911
592 17923
593 17929
594 17959
595 17981
596 17987
597 17989
598 18061
599 18121
600 18127
601 18131
602 18133
603 18233
604 18253
605 18257
606 18289
607 18311
608 18313
609 18401
610 18461
611 18521
612 18523
613 18541
614 18593
615 18919
616 19013
617 19073
618 19079
619 19081
620 19087
621 19391
622 19421
623 19423
624 19427
625 19429
626 19433
627 19471
628 19477
629 19483
630 19489
631 19759
632 19763
633 19891
634 20123
635 20129
636 20147
637 20149
638 20183
639 20233
640 20399
641 20411
642 20551
643 20641
644 20753
645 20759
646 20773
647 20983
648 21017
649 21019
650 21023
651 21143
652 21149
653 21191
654 21193
655 21383
656 21401
657 21407
658 21503
659 21521
660 21523
661 21529
662 21563
663 21569
664 21589
665 21601
666 21613
667 21617
668 21821
669 21841
670 21863
671 22031
672 22037
673 22039
674 22073
675 22079
676 22093
677 22111
678 22133
679 22193
680 22279
681 22283
682 22483
683 22639
684 22643
685 22699
686 22721
687 22727
688 22741
689 22787
690 22817
691 23021
692 23027
693 23029
694 23041
695 23057
696 23059
697 23063
698 23201
699 23203
700 23209
701 23293
702 23297
703 23371
704 23561
705 23563
706 23567
707 23603
708 23609
709 23627
710 23629
711 23633
712 23677
713 23689
714 23753
715 23833
716 23879
717 23911
718 23917
719 24023
720 24029
721 24113
722 24251
723 24379
724 24421
725 24443
726 24551
727 24767
728 24971
729 24977
730 24979
731 25171
732 25247
733 25253
734 25349
735 25457
736 25463
737 25469
738 25471
739 25583
740 25589
741 25603
742 25609
743 25643
744 25849
745 25933
746 25939
747 25943
748 26003
749 26021
750 26111
751 26113
752 26119
753 26251
754 26263
755 26267
756 26321
757 26501
758 26701
759 26713
760 26717
761 26723
762 26729
763 26731
764 26737
765 26863
766 26881
767 26893
768 27077
769 27281
770 27283
771 27481
772 27487
773 27541
774 27701
775 27743
776 27749
777 27751
778 27767
779 27773
780 27779
781 27793
782 27799
783 27803
784 27809
785 27827
786 27953
787 28001
788 28031
789 28111
790 28183
791 28309
792 28433
793 28439
794 28547
795 28549
796 28573
797 28579
798 28621
799 28627
800 28631
801 28661
802 28663
803 28669
804 28871
805 29023
806 29027
807 29033
808 29401
809 29633
810 29671
811 29873
812 29879
813 29881
814 30097
815 30103
816 30109
817 30113
818 30119
819 30137
820 30139
821 30391
822 30493
823 30497
824 30557
825 30559
826 30707
827 30713
828 30871
829 31151
830 31153
831 31159
832 31181
833 31183
834 31189
835 31193
836 31259
837 31271
838 31277
839 31327
840 31333
841 31337
842 31391
843 31393
844 31397
845 31513
846 31517
847 31547
848 31667
849 31771
850 32119
851 32143
852 32191
853 32323
854 32327
855 32363
856 32369
857 32371
858 32377
859 32381
860 32443
861 32573
862 32579
863 32611
864 32783
865 32789
866 32801
867 32803
868 32843
869 32941
870 32971
871 32987
872 32993
873 32999
874 33073
875 33181
876 33203
877 33331
878 33347
879 33349
880 33353
881 33359
882 33413
883 33581
884 33587
885 33589
886 33601
887 33617
888 33619
889 33623
890 33629
891 33641
892 33647
893 33769
894 33773
895 33829
896 33893
897 33941
898 34039
899 34061
900 34261
901 34267
902 34273
903 34301
904 34303
905 34369
906 34487
907 34501
908 34513
909 34519
910 34607
911 34613
912 34759
913 34763
914 34963
915 35083
916 35089
917 35111
918 35117
919 35153
920 35159
921 35281
922 35423
923 35543
924 35593
925 35597
926 35603
927 35839
928 35899
929 36011
930 36013
931 36017
932 36343
933 36479
934 36497
935 36563
936 36713
937 36781
938 36787
939 36791
940 36793
941 36901
942 36923
943 36929
944 36931
945 36947
946 37061
947 37201
948 37313
949 37511
950 37517
951 37549
952 37571
953 37573
954 37579
955 37591
956 38201
957 38303
958 38321
959 38327
960 38329
961 38333
962 38459
963 38461
964 38611
965 38653
966 38671
967 38677
968 38711
969 38713
970 38749
971 38923
972 39043
973 39047
974 39107
975 39113
976 39119
977 39161
978 39163
979 39229
980 39233
981 39239
982 39241
983 39343
984 39371
985 39373
986 39511
987 39841
988 39847
989 39887
990 40361
991 40499
992 40531
993 40823
994 40829
995 40849
996 40853
997 41051
998 41057
999 41189
1000 41203
1001 41231
1002 41233
1003 41389
1004 41413
1005 41521
1006 41543
1007 41549
1008 41611
1009 41617
1010 41621
1011 41627
1012 41813
1013 41897
1014 41903
1015 41983
1016 42017
1017 42019
1018 42023
1019 42197
1020 42223
1021 42227
1022 42443
1023 42461
1024 42463
1025 42467
1026 42473
1027 42491
1028 42577
1029 42701
1030 42703
1031 42709
1032 42841
1033 42863
1034 43051
1035 43067
1036 43321
1037 43613
1038 43651
1039 43793
1040 43963
1041 43969
1042 43973
1043 43991
1044 43997
1045 44027
1046 44029
1047 44123
1048 44129
1049 44131
1050 44203
1051 44207
1052 44267
1053 44269
1054 44273
1055 44279
1056 44281
1057 44501
1058 44507
1059 44533
1060 44537
1061 44543
1062 44549
1063 44651
1064 44657
1065 44701
1066 44773
1067 44777
1068 45131
1069 45137
1070 45139
1071 45293
1072 45341
1073 45343
1074 45589
1075 45677
1076 45827
1077 45833
1078 46093
1079 46099
1080 46103
1081 46309
1082 46351
1083 46451
1084 46457
1085 46511
1086 46649
1087 46691
1088 46771
1089 46819
1090 46831
1091 47123
1092 47129
1093 47147
1094 47149
1095 47297
1096 47303
1097 47309
1098 47507
1099 47513
1100 47657
1101 47659
1102 47713
1103 47717
1104 47951
1105 47981
1106 48197
1107 48313
1108 48413
1109 48481
1110 48487
1111 48491
1112 48497
1113 48533
1114 48539
1115 48541
1116 48593
1117 48623
1118 48767
1119 48781
1120 48787
1121 48821
1122 48823
1123 48871
1124 49037
1125 49043
1126 49123
1127 49171
1128 49177
1129 49201
1130 49207
1131 49211
1132 49411
1133 49417
1134 49433
1135 49463
1136 49481
1137 49531
1138 49537
1139 49549
1140 49741
1141 49747
1142 49939
1143 49943
1144 50051
1145 50053
1146 50123
1147 50129
1148 50131
1149 50291
1150 50333
1151 50363
1152 50549
1153 50551
1154 50993
1155 51061
1156 51241
1157 51349
1158 51427
1159 51431
1160 51437
1161 51439
1162 51481
1163 51487
1164 51521
1165 51721
1166 51973
1167 51977
1168 52181
1169 52183
1170 52189
1171 52259
1172 52291
1173 52391
1174 52543
1175 52571
1176 52583
1177 52973
1178 53003
1179 53089
1180 53093
1181 53149
1182 53173
1183 53201
1184 53281
1185 53327
1186 53597
1187 53611
1188 53617
1189 53623
1190 53629
1191 53633
1192 53639
1193 53657
1194 53897
1195 53899
1196 54013
1197 54413
1198 54419
1199 54421
1200 54521
1201 54541
1202 54547
1203 54563
1204 54581
1205 54583
1206 54631
1207 55061
1208 55339
1209 55343
1210 55633
1211 55639
1212 55663
1213 55667
1214 55673
1215 55817
1216 55819
1217 55823
1218 55829
1219 55903
1220 56267
1221 56269
1222 56503
1223 56509
1224 56531
1225 56533
1226 56911
1227 56923
1228 56929
1229 56999
1230 57077
1231 57143
1232 57149
1233 57193
1234 57223
1235 57271
1236 57287
1237 57349
1238 57653
1239 57719
1240 57731
1241 57737
1242 57791
1243 57793
1244 58151
1245 58153
1246 58171
1247 58193
1248 58199
1249 58211
1250 58217
1251 58231
1252 58237
1253 58243
1254 58393
1255 58441
1256 58453
1257 59011
1258 59023
1259 59029
1260 59053
1261 59221
1262 59243
1263 59359
1264 59419
1265 59443
1266 59447
1267 59453
1268 59471
1269 59473
1270 59663
1271 59669
1272 59671
1273 60103
1274 60107
1275 60169
1276 60293
1277 60623
1278 60661
1279 60737
1280 60917
1281 60919
1282 60923
1283 61343
1284 61381
1285 61471
1286 61487
1287 61493
1288 61511
1289 61553
1290 61559
1291 61561
1292 61631
1293 61637
1294 61643
1295 61981
1296 61987
1297 61991
1298 62057
1299 62141
1300 62143
1301 62477
1302 62483
1303 62501
1304 62507
1305 62873
1306 62929
1307 62983
1308 62987
1309 62989
1310 63131
1311 63313
1312 63317
1313 63391
1314 63397
1315 63421
1316 63443
1317 63473
1318 63601
1319 63607
1320 63611
1321 63617
1322 63649
1323 63671
1324 63691
1325 63697
1326 63703
1327 63709
1328 63803
1329 63809
1330 63857
1331 63863
1332 64157
1333 64303
1334 64613
1335 64921
1336 64927
1337 65033
1338 65123
1339 65129
1340 65183
1341 65327
1342 65539
1343 65543
1344 65581
1345 65587
1346 65651
1347 65657
1348 65701
1349 65707
1350 65713
1351 65717
1352 65719
1353 65731
1354 65831
1355 65837
1356 65839
1357 65843
1358 65983
1359 66107
1360 66109
1361 66173
1362 66179
1363 66361
1364 66377
1365 66383
1366 66467
1367 66977
1368 67061
1369 67157
1370 67189
1371 67213
1372 67217
1373 67219
1374 67411
1375 67429
1376 67433
1377 67493
1378 67499
1379 67579
1380 67759
1381 67763
1382 67943
1383 67961
1384 67967
1385 68483
1386 68489
1387 68491
1388 68543
1389 68687
1390 68713
1391 68771
1392 68777
1393 68821
1394 68899
1395 68903
1396 68909
1397 69031
1398 69197
1399 69203
1400 69259
1401 69263
1402 69403
1403 69473
1404 69493
1405 69497
1406 69499
1407 69931
1408 70121
1409 70123
1410 70141
1411 70183
1412 70201
1413 70207
1414 70241
1415 70459
1416 70489
1417 70573
1418 70621
1419 70627
1420 70849
1421 70853
1422 70921
1423 70951
1424 70957
1425 70981
1426 70999
1427 71171
1428 71261
1429 71263
1430 71339
1431 71341
1432 71347
1433 71353
1434 71359
1435 71363
1436 71413
1437 71419
1438 71473
1439 71479
1440 71483
1441 71551
1442 71713
1443 71719
1444 71809
1445 71881
1446 71887
1447 71993
1448 71999
1449 72091
1450 72103
1451 72109
1452 72173
1453 72253
1454 72271
1455 72277
1456 72503
1457 72911
1458 72953
1459 72959
1460 72977
1461 73019
1462 73039
1463 73043
1464 73063
1465 73609
1466 73613
1467 74101
1468 74201
1469 74203
1470 74209
1471 74297
1472 74363
1473 74381
1474 74383
1475 74453
1476 74531
1477 74611
1478 74717
1479 74719
1480 74731
1481 74761
1482 74861
1483 74873
1484 74891
1485 74897
1486 74903
1487 75041
1488 75227
1489 75391
1490 75403
1491 75407
1492 75557
1493 75989
1494 75991
1495 75997
1496 76001
1497 76003
1498 76541
1499 76543
1500 77263
1501 77267
1502 77269
1503 77351
1504 77491
1505 77513
1506 77551
1507 77557
1508 77563
1509 77569
1510 77573
1511 77591
1512 77713
1513 77719
1514 77723
1515 77801
1516 77867
1517 78173
1518 78179
1519 78193
1520 78511
1521 78517
1522 78541
1523 78791
1524 78797
1525 78803
1526 78809
1527 78857
1528 78893
1529 79153
1530 79159
1531 79337
1532 79399
1533 79433
1534 79613
1535 79631
1536 79633
1537 79817
1538 79823
1539 79829
1540 79843
1541 79847
1542 79903
1543 79907
1544 79999
1545 80473
1546 80491
1547 80629
1548 80677
1549 80681
1550 80683
1551 80687
1552 80789
1553 80833
1554 80917
1555 80923
1556 80929
1557 80933
1558 81043
1559 81047
1560 81049
1561 81359
1562 81373
1563 81553
1564 81559
1565 81563
1566 81569
1567 81649
1568 81671
1569 81677
1570 81703
1571 81707
1572 81773
1573 82013
1574 82039
1575 82193
1576 82223
1577 82241
1578 82531
1579 82571
1580 82613
1581 82619
1582 82813
1583 83221
1584 83227
1585 83231
1586 83233
1587 83273
1588 83641
1589 84067
1590 84137
1591 84143
1592 84223
1593 84229
1594 84317
1595 84319
1596 84467
1597 84503
1598 84509
1599 84523
1600 84871
1601 85247
1602 85333
1603 85451
1604 85453
1605 85621
1606 85627
1607 85643
1608 85669
1609 85837
1610 85843
1611 85847
1612 85853
1613 85933
1614 86117
1615 86183
1616 86201
1617 86249
1618 86291
1619 86293
1620 86297
1621 86371
1622 86771
1623 86861
1624 87013
1625 87121
1626 87257
1627 87317
1628 87323
1629 87517
1630 87523
1631 87541
1632 87547
1633 87553
1634 87557
1635 87559
1636 87631
1637 87643
1638 87649
1639 87683
1640 87701
1641 87721
1642 87743
1643 87881
1644 87887
1645 87977
1646 88007
1647 88661
1648 88663
1649 88667
1650 88799
1651 88801
1652 88807
1653 88811
1654 88813
1655 88817
1656 88819
1657 89003
1658 89009
1659 89021
1660 89071
1661 89087
1662 89123
1663 89231
1664 89237
1665 89273
1666 89521
1667 89527
1668 89533
1669 89567
1670 89599
1671 89603
1672 89671
1673 89821
1674 89899
1675 90023
1676 90073
1677 90191
1678 90197
1679 90199
1680 90203
1681 90379
1682 90401
1683 90403
1684 90407
1685 90533
1686 90679
1687 90823
1688 91099
1689 91129
1690 91141
1691 91153
1692 91159
1693 91163
1694 91463
1695 91841
1696 91961
1697 91967
1698 91969
1699 92237
1700 92243
1701 92369
1702 92381
1703 92383
1704 92387
1705 92401
1706 92507
1707 92641
1708 92647
1709 92671
1710 92683
1711 92791
1712 92863
1713 92867
1714 92959
1715 93133
1716 93139
1717 93253
1718 93257
1719 93263
1720 93283
1721 93287
1722 93329
1723 93491
1724 93493
1725 93497
1726 93503
1727 93763
1728 93811
1729 93893
1730 93913
1731 93941
1732 93971
1733 93983
1734 94121
1735 94351
1736 94447
1737 94543
1738 94547
1739 94561
1740 94727
1741 94793
1742 94823
1743 94841
1744 94847
1745 94849
1746 94907
1747 95009
1748 95111
1749 95233
1750 95239
1751 95261
1752 95267
1753 95273
1754 95279
1755 95443
1756 95483
1757 95633
1758 95791
1759 95803
1760 96181
1761 96223
1762 96337
1763 96461
1764 96497
1765 96799
1766 96823
1767 96827
1768 96857
1769 97001
1770 97003
1771 97007
1772 97171
1773 97177
1774 97381
1775 97387
1776 97579
1777 97583
1778 97613
1779 97847
1780 97849
1781 97861
1782 97883
1783 98389
1784 98411
1785 98713
1786 98717
1787 98731
1788 98737
1789 98869
1790 98873
1791 98911
1792 98929
1793 99017
1794 99023
1795 99133
1796 99137
1797 99139
1798 99259
1799 99563
1800 99581
1801 99709
1802 99713
1803 99719
1804 99721
1805 99839
1806 99881
1807 99991
1808 100153
1809 100361
1810 100363
1811 100393
1812 100519
1813 100523
1814 100801
1815 101113
1816 101117
1817 101119
1818 101161
1819 101287
1820 101293
1821 101531
1822 101533
1823 101537
1824 101603
1825 101723
1826 101741
1827 101747
1828 101749
1829 101879
1830 102001
1831 102023
1832 102079
1833 102103
1834 102107
1835 102199
1836 102203
1837 102253
1838 102259
1839 102551
1840 102563
1841 102653
1842 103093
1843 103099
1844 103423
1845 103981
1846 103993
1847 103997
1848 104003
1849 104009
1850 104243
1851 104311
1852 104327
1853 104479
1854 104551
1855 104597
1856 104681
1857 104683
1858 104711
1859 104717
1860 104723
1861 104729
1862 104803
1863 104851
1864 105253
1865 105341
1866 105361
1867 105367
1868 105373
1869 105379
1870 105401
1871 105407
1872 105529
1873 105533
1874 105971
1875 105977
1876 105983
1877 106129
1878 106321
1879 106367
1880 106373
1881 106453
1882 106661
1883 106663
1884 106669
1885 106703
1886 106753
1887 106759
1888 106783
1889 106787
1890 106867
1891 106871
1892 106877
1893 106963
1894 107071
1895 107077
1896 107101
1897 107123
1898 107279
1899 107351
1900 107357
1901 107719
1902 108013
1903 108041
1904 108109
1905 108131
1906 108193
1907 108379
1908 108883
1909 108887
1910 108893
1911 108949
1912 108961
1913 108967
1914 108971
1915 109147
1916 109171
1917 109391
1918 109397
1919 109453
1920 109471
1921 109589
1922 109621
1923 109663
1924 109831
1925 109843
1926 109847
1927 109849
1928 110273
1929 110503
1930 110651
1931 110921
1932 110923
1933 110927
1934 110933
1935 110939
1936 110951
1937 111271
1938 111443
1939 111781
1940 111829
1941 111833
1942 111871
1943 111977
1944 112241
1945 112247
1946 112249
1947 112253
1948 112337
1949 112339
1950 112363
1951 112927
1952 113027
1953 113041
1954 113083
1955 113089
1956 113093
1957 113153
1958 113159
1959 113161
1960 113167
1961 113171
1962 113173
1963 113177
1964 113363
1965 113383
1966 113779
1967 113783
1968 114089
1969 114203
1970 114221
1971 114281
1972 114617
1973 114661
1974 114691
1975 115021
1976 115153
1977 115303
1978 115309
1979 115321
1980 115327
1981 115331
1982 115337
1983 115343
1984 115363
1985 115603
1986 115777
1987 115781
1988 115783
1989 115811
1990 115853
1991 115859
1992 115861
1993 115877
1994 115879
1995 115883
1996 115903
1997 116191
1998 116279
1999 116933
2000 116993
2001 117043
2002 117373
2003 117673
2004 117679
2005 117703
2006 117709
2007 117731
2008 117811
2009 117841
2010 117979
2011 117991
2012 118061
2013 118171
2014 118213
2015 118219
2016 118253
2017 118259
2018 118277
2019 118411
2020 118463
2021 118691
2022 118751
2023 118757
2024 118913
2025 118931
2026 119089
2027 119101
2028 119107
2029 119131
2030 119243
2031 119701
2032 119831
2033 119851
2034 119983
2035 120401
2036 120431
2037 120713
2038 120767
2039 120851
2040 120919
2041 120941
2042 120943
2043 120947
2044 121021
2045 121063
2046 121067
2047 121171
2048 121313
2049 121351
2050 121357
2051 121369
2052 121447
2053 121453
2054 121579
2055 121951
2056 121967
2057 122033
2058 122039
2059 122041
2060 122053
2061 122273
2062 122279
2063 122323
2064 122327
2065 122401
2066 122503
2067 122509
2068 122611
2069 122869
2070 122891
2071 122957
2072 122963
2073 123311
2074 123499
2075 123503
2076 123733
2077 123737
2078 123821
2079 123833
2080 124349
2081 124351
2082 124367
2083 124543
2084 124721
2085 124781
2086 124783
2087 124991
2088 125221
2089 125641
2090 125687
2091 125693
2092 125711
2093 125717
2094 125933
2095 125963
2096 126023
2097 126041
2098 126047
2099 126461
2100 126491
2101 126493
2102 126499
2103 126761
2104 126859
2105 127291
2106 127297
2107 127301
2108 127601
2109 127607
2110 127609
2111 127681
2112 127711
2113 127717
2114 127877
2115 128119
2116 128291
2117 128341
2118 128347
2119 128351
2120 128399
2121 128413
2122 128483
2123 128489
2124 128971
2125 128983
2126 128987
2127 128993
2128 129121
2129 129127
2130 129223
2131 129229
2132 129289
2133 129293
2134 129461
2135 129499
2136 129529
2137 129533
2138 129539
2139 129631
2140 129643
2141 129971
2142 130267
2143 130369
2144 130633
2145 130639
2146 130643
2147 130649
2148 130651
2149 130657
2150 130817
2151 130843
2152 131251
2153 131321
2154 131501
2155 131507
2156 131641
2157 131779
2158 131783
2159 131941
2160 131947
2161 132623
2162 132701
2163 132707
2164 132709
2165 132761
2166 132763
2167 132971
2168 133121
2169 133187
2170 133279
2171 133283
2172 133351
2173 133543
2174 133717
2175 133723
2176 134081
2177 134087
2178 134089
2179 134093
2180 134363
2181 134369
2182 134371
2183 134507
2184 134513
2185 134683
2186 134921
2187 134923
2188 135019
2189 135211
2190 135349
2191 135353
2192 135391
2193 135431
2194 135433
2195 135463
2196 135467
2197 135469
2198 135593
2199 135599
2200 135601
2201 135607
2202 135613
2203 135617
2204 135623
2205 135721
2206 135727
2207 135731
2208 136337
2209 136343
2210 136397
2211 136399
2212 136403
2213 136421
2214 136483
2215 136523
2216 136541
2217 136547
2218 136607
2219 136711
2220 136861
2221 136883
2222 136889
2223 136991
2224 136993
2225 136999
2226 137201
2227 137363
2228 137369
2229 137387
2230 137393
2231 137399
2232 138181
2233 138251
2234 138323
2235 138403
2236 138407
2237 138451
2238 138569
2239 138571
2240 138577
2241 138581
2242 138587
2243 138683
2244 138899
2245 139313
2246 139369
2247 139459
2248 139493
2249 139597
2250 139943
2251 140071
2252 140171
2253 140177
2254 140419
2255 140423
2256 140681
2257 140683
2258 140689
2259 140831
2260 140837
2261 140839
2262 141181
2263 141223
2264 141511
2265 141623
2266 141629
2267 141671
2268 141677
2269 141679
2270 141709
2271 141853
2272 141961
2273 142061
2274 142067
2275 142547
2276 142553
2277 142559
2278 142591
2279 142609
2280 143113
2281 143263
2282 143509
2283 143513
2284 143519
2285 143573
2286 143653
2287 143831
2288 143833
2289 144173
2290 144481
2291 145463
2292 145687
2293 145829
2294 145967
2295 145969
2296 145991
2297 146011
2298 146023
2299 146383
2300 146389
2301 146683
2302 147211
2303 147229
2304 147299
2305 147773
2306 147779
2307 148201
2308 148207
2309 148403
2310 148471
2311 148727
2312 148867
2313 148873
2314 148931
2315 148933
2316 148961
2317 149101
2318 149113
2319 149119
2320 149161
2321 149533
2322 149563
2323 149731
2324 149771
2325 150091
2326 150097
2327 150203
2328 150209
2329 150211
2330 150217
2331 150221
2332 150223
2333 150889
2334 150893
2335 151009
2336 151013
2337 151051
2338 151057
2339 151253
2340 151553
2341 151787
2342 151817
2343 151849
2344 151903
2345 151909
2346 152041
2347 152083
2348 152423
2349 152429
2350 152443
2351 152461
2352 152539
2353 152641
2354 152837
2355 152839
2356 152843
2357 152993
2358 153073
2359 153077
2360 153287
2361 153523
2362 153529
2363 153533
2364 154061
2365 154067
2366 154073
2367 154079
2368 154081
2369 154087
2370 154247
2371 154591
2372 154621
2373 154873
2374 154877
2375 154883
2376 155171
2377 155303
2378 155581
2379 155663
2380 155693
2381 155699
2382 155719
2383 155723
2384 155783
2385 155801
2386 155863
2387 156131
2388 157057
2389 157061
2390 157211
2391 157217
2392 157219
2393 157231
2394 157247
2395 157253
2396 157259
2397 157273
2398 157277
2399 157279
2400 157351
2401 157669
2402 157771
2403 157841
2404 157901
2405 157907
2406 158231
2407 158233
2408 158363
2409 158573
2410 158761
2411 159023
2412 159169
2413 159193
2414 159199
2415 159227
2416 159233
2417 159503
2418 159571
2419 159701
2420 159707
2421 159779
2422 159791
2423 159793
2424 159799
2425 159871
2426 160033
2427 160081
2428 160087
2429 160091
2430 160093
2431 160169
2432 160639
2433 160651
2434 160711
2435 160753
2436 160757
2437 160883
2438 161341
2439 161563
2440 161569
2441 161573
2442 161641
2443 161743
2444 161773
2445 161779
2446 161783
2447 161879
2448 161881
2449 161971
2450 161977
2451 161983
2452 162011
2453 162017
2454 162713
2455 162731
2456 162751
2457 163021
2458 163027
2459 163129
2460 163151
2461 163171
2462 163411
2463 163417
2464 163483
2465 163487
2466 163643
2467 163987
2468 163991
2469 163993
2470 163997
2471 164093
2472 164233
2473 164239
2474 164251
2475 164447
2476 164449
2477 164839
2478 165049
2479 165089
2480 165233
2481 165553
2482 165559
2483 165589
2484 165713
2485 165719
2486 165721
2487 166031
2488 166301
2489 166303
2490 166409
2491 166613
2492 166619
2493 166631
2494 166849
2495 166853
2496 166871
2497 167023
2498 167051
2499 167087
2500 167117
2501 167119
2502 167177
2503 167441
2504 167443
2505 167449
2506 167633
2507 167891
2508 168281
2509 169069
2510 169097
2511 169243
2512 169249
2513 169327
2514 169343
2515 169373
2516 169493
2517 169661
2518 169667
2519 169937
2520 169943
2521 170243
2522 170249
2523 170267
2524 170371
2525 170393
2526 170711
2527 170761
2528 170767
2529 170773
2530 170777
2531 170813
2532 171049
2533 171053
2534 171167
2535 171169
2536 171673
2537 171679
2538 172097
2539 172171
2540 172217
2541 172219
2542 172223
2543 172433
2544 172439
2545 172441
2546 172607
2547 172721
2548 172871
2549 172877
2550 172883
2551 173209
2552 173501
2553 173671
2554 173687
2555 173743
2556 173783
2557 174331
2558 174337
2559 174617
2560 174653
2561 174659
2562 174931
2563 175691
2564 175727
2565 175939
2566 175963
2567 175993
2568 176321
2569 176327
2570 176329
2571 176333
2572 176507
2573 176509
2574 176551
2575 176557
2576 176611
2577 176797
2578 176809
2579 176923
2580 176927
2581 176933
2582 177113
2583 177131
2584 177763
2585 177797
2586 177893
2587 178187
2588 178261
2589 178351
2590 178403
2591 178441
2592 178447
2593 178571
2594 178613
2595 178643
2596 178817
2597 178819
2598 178907
2599 178909
2600 178933
2601 178939
2602 179111
2603 179383
2604 179411
2605 179441
2606 179483
2607 179581
2608 179593
2609 179693
2610 179827
2611 179833
2612 179951
2613 179953
2614 179957
2615 180001
2616 180007
2617 180247
2618 180263
2619 180289
2620 180311
2621 180317
2622 180547
2623 180799
2624 181213
2625 181219
2626 181301
2627 181303
2628 181759
2629 181763
2630 181891
2631 181931
2632 182011
2633 182029
2634 182111
2635 182131
2636 182179
2637 182471
2638 182473
2639 182641
2640 182657
2641 182659
2642 182933
2643 183319
2644 183389
2645 183499
2646 183503
2647 183509
2648 183511
2649 183527
2650 183581
2651 183587
2652 183593
2653 183713
2654 183973
2655 183979
2656 184013
2657 184043
2658 184273
2659 184279
2660 184651
2661 184903
2662 184969
2663 185077
2664 185327
2665 185369
2666 185371
2667 185533
2668 185539
2669 185543
2670 185711
2671 185753
2672 185821
2673 185833
2674 186041
2675 186113
2676 186119
2677 186163
2678 186649
2679 186653
2680 186709
2681 186761
2682 186763
2683 187133
2684 187139
2685 187141
2686 187181
2687 187193
2688 187219
2689 187223
2690 187471
2691 187477
2692 188693
2693 188711
2694 188861
2695 188863
2696 188869
2697 189043
2698 189253
2699 189257
2700 189391
2701 189473
2702 189479
2703 189493
2704 189617
2705 189619
2706 189887
2707 190669
2708 190769
2709 190787
2710 190793
2711 190811
2712 190913
2713 191141
2714 191143
2715 191251
2716 191461
2717 191467
2718 191473
2719 191533
2720 191537
2721 191677
2722 191693
2723 191699
2724 191803
2725 191837
2726 192053
2727 192193
2728 192323
2729 192343
2730 192347
2731 192383
2732 192557
2733 192587
2734 192617
2735 192631
2736 192637
2737 193183
2738 193189
2739 193393
2740 193451
2741 193577
2742 193607
2743 193793
2744 193799
2745 193813
2746 193873
2747 193877
2748 193883
2749 194087
2750 194093
2751 194729
2752 194771
2753 194863
2754 194867
2755 194869
2756 195049
2757 195053
2758 195137
2759 195203
2760 195343
2761 195497
2762 195541
2763 195743
2764 195931
2765 195977
2766 196181
2767 196187
2768 196193
2769 196583
2770 196663
2771 196771
2772 196879
2773 197161
2774 197261
2775 197273
2776 197279
2777 197297
2778 197299
2779 197383
2780 197389
2781 197713
2782 197963
2783 197969
2784 197971
2785 198259
2786 198281
2787 198647
2788 198839
2789 198841
2790 198943
2791 198971
2792 198977
2793 199501
2794 199679
2795 199741
2796 199753
2797 199811
2798 199813
2799 199819
2800 199933
2801 200383
2802 200903
2803 200909
2804 200929
2805 201211
2806 201499
2807 201823
2808 201827
2809 201829
2810 201833
2811 201911
2812 201923
2813 202063
2814 202067
2815 202129
2816 202361
2817 202751
2818 202753
2819 202757
2820 203321
2821 203323
2822 203341
2823 203353
2824 203383
2825 203387
2826 203393
2827 203431
2828 203663
2829 203669
2830 204163
2831 204367
2832 204371
2833 204377
2834 204443
2835 204521
2836 204601
2837 204797
2838 204803
2839 205421
2840 205423
2841 205427
2842 205433
2843 205493
2844 205559
2845 205957
2846 205963
2847 205967
2848 206083
2849 206251
2850 206281
2851 206303
2852 206411
2853 206413
2854 206419
2855 206641
2856 206821
2857 206827
2858 206911
2859 206917
2860 206923
2861 206953
2862 207041
2863 207331
2864 207343
2865 207377
2866 207481
2867 207511
2868 207517
2869 207521
2870 207523
2871 207673
2872 207679
2873 208141
2874 208147
2875 208283
2876 208337
2877 208393
2878 208469
2879 208499
2880 208501
2881 208513
2882 208519
2883 208631
2884 209203
2885 209267
2886 209269
2887 209569
2888 209581
2889 209821
2890 210113
2891 210131
2892 210143
2893 210191
2894 210193
2895 210533
2896 210857
2897 211063
2898 211067
2899 211073
2900 211219
2901 211231
2902 211507
2903 211661
2904 211663
2905 211877
2906 211879
2907 211891
2908 212677
2909 212683
2910 213139
2911 213361
2912 213557
2913 213613
2914 213641
2915 213947
2916 213949
2917 213953
2918 214007
2919 214009
2920 214033
2921 214519
2922 214561
2923 214673
2924 215183
2925 215353
2926 215359
2927 215393
2928 215399
2929 215461
2930 215693
2931 215983
2932 216119
2933 216571
2934 216577
2935 216653
2936 216761
2937 216781
2938 216787
2939 216791
2940 216919
2941 217337
2942 217339
2943 217363
2944 217367
2945 217369
2946 217411
2947 217519
2948 217577
2949 217579
2950 217697
2951 218083
2952 218087
2953 218117
2954 218423
2955 218461
2956 218531
2957 218551
2958 218989
2959 218993
2960 219313
2961 219409
2962 219649
2963 219683
2964 219689
2965 219761
2966 219763
2967 219767
2968 219851
2969 220373
2970 220403
2971 220793
2972 220811
2973 220877
2974 220879
2975 220901
2976 220903
2977 220907
2978 220933
2979 220939
2980 221087
2981 221093
2982 221729
2983 221831
2984 222011
2985 222043
2986 222151
2987 222163
2988 222349
2989 222793
2990 222799
2991 223051
2992 223063
2993 223243
2994 223247
2995 223253
2996 223259
2997 223277
2998 223283
2999 223549
3000 223837
3001 223841
3002 223843
3003 223849
3004 224071
3005 224303
3006 224309
3007 224363
3008 224633
3009 224911
3010 224951
3011 225161
3012 225163
3013 225167
3014 225349
3015 225353
3016 225373
3017 225509
3018 225527
3019 225529
3020 225769
3021 225781
3022 226381
3023 226817
3024 226819
3025 226823
3026 226907
3027 226913
3028 227113
3029 227191
3030 227303
3031 227473
3032 227501
3033 227533
3034 227537
3035 227569
3036 227603
3037 227609
3038 227611
3039 227629
3040 227653
3041 228131
3042 228307
3043 228311
3044 228461
3045 228521
3046 228523
3047 228581
3048 228587
3049 228593
3050 228619
3051 228883
3052 228887
3053 228961
3054 229139
3055 229157
3056 229217
3057 229223
3058 229253
3059 229549
3060 229553
3061 229591
3062 229639
3063 229759
3064 229763
3065 229769
3066 229771
3067 229777
3068 229781
3069 229841
3070 229847
3071 229849
3072 229963
3073 229981
3074 230311
3075 230341
3076 230357
3077 230387
3078 230389
3079 230393
3080 230471
3081 230863
3082 231019
3083 231433
3084 231463
3085 231481
3086 231551
3087 231563
3088 231611
3089 231613
3090 231823
3091 231827
3092 231841
3093 231923
3094 232411
3095 232417
3096 232823
3097 233161
3098 233621
3099 233689
3100 233693
3101 233941
3102 234197
3103 234203
3104 234323
3105 234343
3106 234467
3107 234473
3108 234541
3109 234547
3110 234809
3111 234811
3112 234961
3113 234967
3114 234979
3115 235007
3116 235009
3117 235013
3118 235541
3119 235813
3120 236339
3121 236479
3122 236707
3123 236713
3124 236773
3125 236779
3126 236783
3127 236881
3128 236893
3129 236897
3130 237071
3131 237073
3132 237091
3133 237161
3134 237163
3135 237767
3136 237973
3137 237977
3138 238039
3139 238159
3140 238163
3141 238363
3142 238369
3143 238373
3144 238481
3145 238727
3146 238729
3147 238943
3148 238949
3149 239243
3150 239543
3151 239713
3152 239857
3153 240011
3154 240017
3155 240047
3156 240049
3157 240353
3158 241051
3159 241069
3160 241261
3161 241343
3162 241363
3163 241513
3164 241517
3165 241561
3166 241567
3167 241601
3168 241603
3169 241691
3170 241811
3171 241817
3172 241823
3173 241883
3174 241921
3175 241981
3176 242261
3177 242449
3178 242453
3179 242681
3180 243121
3181 243473
3182 243479
3183 243527
3184 243533
3185 243539
3186 243707
3187 243709
3188 244253
3189 244381
3190 244403
3191 244637
3192 244639
3193 244861
3194 244877
3195 244901
3196 245177
3197 245183
3198 245321
3199 245527
3200 245533
3201 245911
3202 245983
3203 245989
3204 246133
3205 246527
3206 246613
3207 246811
3208 246817
3209 246941
3210 246947
3211 247613
3212 247813
3213 248119
3214 248141
3215 248203
3216 248597
3217 248641
3218 248891
3219 248893
3220 249433
3221 249437
3222 249439
3223 249521
3224 249541
3225 249863
3226 250051
3227 250057
3228 250741
3229 250753
3230 250841
3231 250871
3232 250967
3233 250969
3234 251179
3235 251201
3236 251203
3237 251221
3238 251233
3239 251297
3240 251437
3241 251443
3242 251483
3243 251861
3244 251897
3245 251903
3246 251941
3247 251947
3248 251971
3249 252731
3250 252737
3251 252913
3252 252919
3253 252983
3254 253433
3255 253439
3256 253681
3257 253789
3258 253823
3259 253909
3260 253951
3261 254047
3262 254053
3263 254783
3264 254879
3265 255181
3266 255193
3267 255197
3268 255251
3269 255253
3270 255259
3271 255653
3272 255659
3273 255923
3274 256033
3275 256133
3276 256393
3277 257353
3278 257401
3279 257407
3280 257501
3281 257503
3282 258131
3283 258161
3284 258331
3285 258337
3286 258491
3287 258617
3288 258623
3289 258743
3290 258971
3291 258977
3292 258983
3293 259631
3294 259643
3295 259841
3296 260017
3297 260023
3298 260209
3299 260213
3300 260419
3301 260573
3302 260651
3303 260863
3304 260987
3305 261013
3306 261017
3307 261791
3308 262153
3309 262351
3310 262391
3311 262513
3312 262519
3313 262543
3314 262741
3315 262747
3316 263213
3317 263401
3318 263537
3319 263761
3320 263869
3321 263953
3322 263957
3323 264601
3324 264791
3325 264793
3326 264893
3327 264899
3328 265273
3329 265277
3330 265513
3331 265547
3332 266029
3333 266051
3334 266053
3335 266059
3336 266083
3337 266089
3338 266093
3339 266099
3340 266359
3341 266491
3342 266687
3343 266689
3344 267143
3345 267403
3346 267433
3347 267439
3348 267497
3349 267613
3350 267647
3351 267649
3352 267671
3353 267677
3354 267679
3355 267727
3356 267739
3357 267833
3358 267901
3359 267907
3360 267913
3361 267961
3362 268211
3363 268271
3364 268531
3365 268537
3366 268813
3367 268817
3368 268819
3369 268823
3370 268843
3371 268997
3372 268999
3373 269189
3374 269221
3375 269393
3376 269783
3377 270241
3378 270553
3379 270593
3380 271129
3381 271573
3382 272191
3383 272203
3384 272267
3385 272269
3386 272351
3387 272353
3388 272359
3389 272383
3390 272411
3391 272417
3392 272423
3393 272567
3394 272813
3395 273001
3396 273061
3397 273067
3398 273073
3399 273313
3400 273643
3401 273943
3402 274121
3403 274123
3404 274201
3405 274361
3406 274711
3407 274837
3408 274843
3409 274847
3410 274853
3411 274871
3412 274961
3413 275167
3414 275323
3415 275393
3416 275399
3417 275459
3418 275461
3419 275581
3420 275593
3421 275599
3422 275941
3423 276043
3424 276047
3425 276049
3426 276191
3427 276251
3428 276257
3429 276373
3430 276593
3431 276599
3432 276781
3433 276827
3434 276833
3435 276839
3436 277261
3437 277301
3438 277897
3439 277903
3440 278123
3441 278237
3442 278501
3443 278503
3444 278563
3445 278611
3446 278617
3447 278623
3448 278627
3449 278881
3450 278911
3451 278917
3452 279131
3453 279137
3454 279143
3455 279709
3456 280013
3457 280103
3458 280229
3459 280547
3460 280549
3461 280591
3462 280597
3463 280603
3464 280607
3465 280613
3466 280771
3467 280967
3468 281191
3469 281251
3470 281357
3471 281363
3472 281431
3473 281551
3474 281557
3475 281563
3476 281581
3477 281933
3478 282097
3479 282101
3480 282103
3481 282241
3482 282313
3483 282683
3484 282713
3485 282913
3486 282917
3487 283009
3488 283099
3489 283121
3490 283183
3491 283211
3492 283573
3493 283579
3494 283583
3495 283609
3496 283639
3497 283817
3498 283861
3499 284153
3500 284159
3501 284161
3502 284237
3503 284243
3504 284269
3505 284593
3506 284731
3507 284737
3508 284741
3509 284743
3510 284747
3511 284749
3512 284839
3513 285121
3514 285557
3515 285559
3516 285631
3517 285643
3518 285767
3519 285773
3520 285841
3521 286001
3522 286487
3523 286493
3524 286499
3525 286543
3526 286547
3527 286553
3528 286753
3529 287239
3530 287281
3531 287867
3532 287873
3533 288203
3534 288209
3535 288853
3536 289001
3537 289021
3538 289033
3539 289039
3540 289067
3541 289109
3542 289111
3543 289129
3544 289141
3545 289171
3546 289193
3547 289253
3548 289577
3549 289607
3550 289763
3551 289853
3552 289859
3553 290033
3554 290039
3555 290041
3556 290047
3557 290443
3558 290447
3559 290531
3560 290533
3561 290539
3562 290669
3563 290671
3564 290677
3565 291371
3566 291373
3567 291377
3568 291691
3569 291901
3570 292093
3571 292711
3572 292717
3573 294169
3574 294181
3575 294313
3576 294317
3577 294319
3578 294341
3579 294347
3580 294353
3581 294803
3582 294809
3583 294923
3584 294953
3585 295081
3586 295873
3587 295877
3588 295879
3589 295903
3590 295909
3591 296273
3592 296279
3593 296507
3594 296509
3595 296581
3596 296587
3597 296591
3598 296753
3599 296771
3600 296773
3601 296831
3602 296833
3603 296983
3604 296987
3605 297629
3606 297811
3607 297911
3608 297991
3609 298171
3610 298349
3611 298681
3612 298687
3613 298691
3614 298693
3615 298819
3616 299363
3617 299393
3618 300319
3619 300323
3620 300431
3621 300589
3622 300593
3623 300761
3624 300823
3625 301913
3626 301999
3627 302191
3628 302299
3629 302587
3630 302593
3631 302597
3632 302837
3633 302843
3634 303011
3635 303013
3636 303019
3637 303299
3638 303341
3639 303377
3640 303379
3641 303493
3642 303497
3643 303551
3644 303553
3645 303689
3646 303691
3647 303731
3648 304067
3649 304069
3650 304393
3651 304433
3652 304439
3653 304459
3654 304481
3655 304561
3656 304901
3657 304903
3658 304907
3659 304943
3660 304949
3661 304981
3662 305033
3663 305113
3664 305119
3665 305353
3666 305423
3667 305479
3668 305483
3669 305489
3670 305761
3671 305861
3672 305867
3673 305873
3674 306169
3675 306193
3676 306421
3677 306533
3678 306949
3679 306953
3680 307033
3681 307171
3682 307189
3683 307277
3684 307283
3685 307289
3686 307631
3687 307633
3688 307639
3689 307873
3690 308141
3691 308153
3692 308317
3693 308323
3694 308327
3695 308333
3696 308491
3697 308509
3698 308521
3699 308527
3700 308573
3701 308851
3702 308857
3703 308939
3704 309011
3705 309013
3706 309019
3707 309293
3708 309313
3709 309317
3710 309481
3711 309523
3712 309541
3713 310237
3714 310243
3715 310511
3716 310733
3717 310829
3718 310831
3719 311299
3720 311303
3721 312217
3722 312233
3723 312253
3724 312283
3725 312289
3726 312313
3727 312353
3728 312589
3729 312623
3730 312941
3731 312943
3732 313151
3733 313153
3734 313301
3735 313307
3736 313571
3737 313721
3738 313727
3739 313741
3740 313933
3741 313981
3742 313987
3743 313991
3744 313993
3745 313997
3746 314003
3747 314161
3748 314261
3749 314263
3750 314267
3751 314359
3752 314599
3753 314603
3754 315409
3755 315451
3756 315551
3757 315599
3758 315617
3759 316243
3760 316343
3761 316663
3762 316699
3763 316703
3764 317491
3765 317621
3766 317743
3767 317777
3768 317783
3769 317789
3770 317971
3771 317987
3772 318233
3773 318301
3774 318323
3775 318889
3776 318911
3777 318917
3778 318919
3779 319133
3780 319441
3781 319591
3782 319691
3783 319733
3784 319831
3785 320041
3786 320057
3787 320063
3788 320083
3789 320153
3790 320239
3791 320273
3792 320293
3793 320941
3794 321323
3795 321329
3796 321331
3797 321821
3798 321823
3799 321829
3800 321833
3801 321851
3802 322013
3803 322111
3804 322247
3805 322249
3806 322591
3807 322633
3808 322771
3809 322783
3810 322921
3811 323003
3812 323009
3813 323383
3814 323599
3815 323803
3816 324101
3817 324431
3818 324437
3819 324439
3820 324451
3821 324473
3822 324811
3823 324893
3824 324953
3825 324983
3826 325001
3827 325021
3828 325027
3829 325231
3830 325693
3831 325697
3832 325751
3833 325753
3834 325781
3835 325783
3836 325891
3837 325943
3838 326101
3839 326143
3840 326147
3841 326149
3842 326153
3843 326159
3844 326567
3845 326611
3846 326617
3847 326951
3848 327001
3849 327007
3850 327011
3851 327017
3852 327023
3853 327421
3854 327479
3855 327493
3856 327499
3857 327827
3858 327829
3859 327853
3860 327871
3861 328381
3862 328637
3863 328639
3864 328849
3865 328901
3866 328921
3867 329321
3868 329603
3869 329803
3870 330041
3871 330047
3872 330053
3873 330331
3874 330433
3875 330439
3876 330683
3877 330689
3878 330721
3879 330857
3880 330859
3881 331339
3882 331369
3883 331523
3884 331553
3885 331781
3886 331909
3887 332011
3888 332203
3889 332207
3890 332221
3891 332477
3892 333107
3893 333287
3894 333341
3895 333451
3896 333457
3897 333721
3898 333791
3899 333793
3900 334423
3901 334427
3902 334429
3903 334513
3904 334793
3905 334891
3906 334897
3907 334991
3908 334993
3909 335051
3910 335057
3911 335123
3912 335477
3913 335747
3914 336103
3915 336109
3916 336113
3917 336251
3918 336253
3919 336671
3920 336773
3921 337349
3922 337369
3923 337543
3924 337861
3925 337867
3926 337871
3927 337873
3928 337907
3929 338297
3930 338323
3931 338341
3932 338347
3933 338411
3934 338413
3935 338581
3936 338687
3937 339673
3938 339679
3939 339751
3940 339841
3941 340063
3942 340121
3943 340127
3944 340129
3945 340451
3946 340453
3947 340577
3948 340579
3949 340583
3950 340661
3951 340793
3952 340919
3953 340931
3954 340933
3955 340937
3956 340939
3957 341063
3958 341323
3959 341773
3960 341777
3961 341963
3962 342061
3963 342073
3964 342077
3965 342241
3966 342341
3967 342343
3968 342347
3969 342373
3970 342379
3971 342469
3972 342871
3973 343309
3974 343313
3975 343393
3976 343547
3977 343561
3978 343583
3979 343589
3980 343591
3981 344171
3982 344173
3983 344177
3984 344209
3985 344213
3986 344251
3987 344257
3988 344263
3989 344269
3990 344273
3991 344293
3992 344807
3993 344821
3994 344921
3995 344963
3996 344969
3997 345019
3998 345551
3999 345601
4000 345607
4001 346141
4002 346147
4003 346373
4004 346393
4005 346397
4006 346399
4007 346421
4008 346433
4009 346439
4010 346441
4011 346447
4012 346453
4013 346561
4014 346651
4015 346657
4016 346669
4017 346963
4018 347071
4019 347143
4020 347183
4021 347201
4022 347563
4023 347591
4024 347731
4025 347779
4026 347959
4027 347983
4028 347987
4029 347989
4030 347993
4031 348241
4032 348247
4033 348253
4034 348259
4035 348421
4036 348433
4037 348437
4038 348443
4039 348461
4040 348463
4041 348923
4042 349211
4043 349379
4044 349381
4045 349387
4046 349399
4047 349403
4048 349409
4049 349411
4050 349841
4051 349913
4052 349919
4053 349931
4054 349933
4055 349939
4056 349967
4057 350111
4058 350443
4059 350447
4060 350453
4061 350459
4062 350731
4063 350737
4064 350741
4065 350747
4066 350983
4067 350989
4068 351041
4069 351047
4070 351053
4071 351059
4072 351061
4073 351079
4074 351289
4075 351293
4076 351347
4077 351361
4078 351401
4079 351751
4080 351863
4081 352111
4082 352271
4083 352273
4084 352361
4085 352367
4086 352369
4087 352403
4088 352409
4089 352411
4090 352423
4091 352463
4092 352483
4093 352489
4094 352493
4095 352637
4096 353333
4097 353473
4098 353629
4099 354041
4100 354043
4101 354047
4102 354257
4103 354259
4104 354323
4105 354329
4106 354443
4107 354463
4108 354469
4109 354881
4110 354883
4111 354979
4112 354983
4113 355111
4114 355343
4115 355363
4116 355517
4117 355519
4118 355573
4119 356141
4120 356143
4121 356453
4122 356563
4123 356567
4124 356981
4125 357199
4126 357283
4127 357571
4128 357587
4129 357593
4130 357613
4131 357619
4132 357659
4133 357661
4134 357667
4135 357671
4136 357677
4137 357683
4138 357689
4139 357787
4140 357793
4141 358073
4142 358079
4143 358229
4144 358291
4145 358297
4146 358301
4147 358331
4148 358613
4149 358733
4150 358867
4151 358879
4152 358903
4153 358907
4154 358909
4155 359147
4156 359153
4157 359171
4158 359299
4159 359563
4160 360293
4161 360823
4162 360827
4163 360977
4164 360979
4165 361003
4166 361223
4167 361241
4168 361351
4169 361357
4170 361363
4171 361451
4172 362357
4173 362363
4174 362381
4175 362431
4176 362749
4177 362753
4178 362759
4179 362987
4180 363061
4181 363067
4182 363161
4183 363277
4184 363371
4185 363373
4186 363379
4187 363401
4188 363403
4189 363767
4190 363773
4191 363949
4192 364291
4193 364451
4194 364541
4195 364543
4196 364751
4197 364753
4198 364759
4199 365021
4200 365257
4201 365509
4202 365513
4203 365531
4204 365537
4205 365641
4206 366173
4207 366343
4208 366347
4209 366437
4210 366439
4211 366463
4212 366467
4213 366703
4214 367001
4215 367007
4216 367021
4217 367027
4218 367033
4219 367277
4220 367313
4221 367651
4222 367853
4223 367889
4224 368117
4225 368153
4226 368653
4227 368791
4228 368803
4229 369079
4230 369983
4231 370217
4232 370619
4233 371087
4234 371251
4235 371257
4236 371303
4237 371341
4238 371513
4239 371873
4240 371941
4241 372061
4242 372067
4243 372709
4244 372839
4245 372881
4246 373211
4247 373213
4248 373231
4249 373349
4250 373361
4251 373363
4252 374177
4253 374351
4254 374687
4255 374987
4256 374989
4257 374993
4258 375101
4259 375103
4260 375121
4261 375127
4262 375251
4263 375253
4264 375257
4265 375259
4266 375283
4267 375373
4268 375457
4269 375527
4270 375533
4271 375569
4272 375983
4273 376001
4274 376003
4275 376009
4276 376531
4277 376631
4278 376633
4279 376639
4280 376811
4281 376823
4282 376841
4283 376847
4284 376853
4285 377371
4286 377561
4287 377563
4288 377831
4289 378467
4290 378571
4291 378821
4292 378823
4293 378953
4294 379013
4295 379441
4296 379681
4297 379703
4298 379723
4299 379727
4300 379859
4301 379931
4302 379997
4303 379999
4304 380201
4305 380203
4306 380207
4307 380311
4308 380329
4309 380333
4310 381383
4311 381389
4312 381529
4313 381533
4314 381761
4315 382003
4316 382073
4317 382663
4318 382751
4319 383083
4320 383101
4321 383107
4322 383113
4323 383153
4324 383611
4325 383627
4326 383633
4327 383659
4328 383683
4329 383987
4330 384301
4331 384479
4332 384481
4333 384487
4334 384623
4335 384737
4336 385141
4337 385579
4338 385591
4339 385597
4340 386041
4341 386047
4342 386051
4343 386131
4344 386153
4345 386159
4346 386161
4347 386237
4348 386371
4349 386383
4350 386431
4351 386437
4352 386651
4353 387173
4354 387203
4355 387973
4356 387977
4357 388181
4358 388183
4359 388187
4360 388699
4361 388901
4362 388903
4363 388937
4364 389483
4365 389533
4366 389539
4367 389563
4368 389567
4369 389569
4370 390001
4371 390101
4372 390107
4373 390109
4374 390113
4375 390119
4376 390211
4377 390391
4378 390421
4379 390437
4380 390491
4381 390493
4382 390499
4383 390503
4384 391067
4385 391073
4386 391397
4387 391399
4388 391403
4389 391693
4390 391907
4391 392101
4392 392113
4393 392153
4394 392159
4395 392213
4396 392281
4397 392299
4398 392761
4399 392767
4400 392851
4401 392857
4402 393079
4403 393083
4404 393301
4405 393383
4406 393403
4407 393541
4408 393587
4409 393593
4410 393671
4411 393677
4412 393683
4413 395111
4414 395113
4415 395119
4416 395141
4417 395147
4418 395323
4419 395543
4420 396043
4421 396301
4422 396581
4423 396623
4424 396629
4425 396631
4426 396637
4427 396719
4428 397303
4429 397591
4430 397597
4431 397757
4432 397759
4433 397763
4434 398357
4435 398473
4436 398477
4437 398611
4438 398921
4439 399071
4440 399101
4441 399107
4442 399281
4443 399283
4444 399403
4445 399409
4446 399493
4447 399499
4448 399761
4449 400033
4450 400681
4451 400723
4452 401057
4453 401539
4454 401711
4455 401959
4456 402139
4457 402331
4458 402343
4459 402361
4460 402383
4461 402583
4462 402587
4463 402593
4464 402863
4465 402869
4466 403063
4467 403331
4468 403553
4469 403681
4470 403687
4471 403721
4472 404021
4473 404191
4474 404197
4475 404269
4476 404273
4477 404323
4478 404431
4479 404533
4480 404539
4481 404851
4482 404981
4483 404983
4484 405049
4485 405073
4486 405091
4487 405241
4488 405247
4489 405253
4490 405529
4491 405611
4492 405679
4493 405683
4494 405689
4495 405703
4496 405709
4497 405767
4498 405991
4499 405997
4500 406507
4501 406513
4502 406517
4503 406561
4504 406577
4505 406579
4506 406583
4507 407291
4508 407321
4509 407509
4510 407717
4511 407723
4512 407861
4513 408223
4514 408229
4515 408431
4516 408433
4517 408437
4518 408691
4519 408703
4520 409271
4521 409291
4522 409351
4523 409711
4524 409733
4525 409781
4526 409823
4527 409901
4528 410173
4529 410243
4530 410281
4531 410393
4532 410413
4533 410497
4534 411253
4535 411259
4536 411613
4537 411617
4538 411743
4539 411823
4540 411941
4541 411947
4542 412033
4543 412037
4544 412039
4545 412127
4546 412133
4547 412193
4548 412213
4549 412219
4550 412591
4551 412639
4552 413089
4553 413093
4554 413113
4555 413143
4556 413201
4557 413207
4558 413869
4559 414053
4560 414109
4561 414331
4562 414467
4563 414643
4564 414779
4565 415111
4566 415673
4567 415691
4568 415697
4569 415801
4570 415823
4571 415957
4572 415963
4573 415969
4574 416407
4575 416413
4576 416417
4577 416419
4578 416443
4579 416477
4580 417191
4581 417511
4582 417731
4583 417733
4584 417737
4585 417961
4586 418073
4587 418079
4588 418339
4589 418343
4590 418349
4591 418351
4592 418357
4593 418793
4594 418799
4595 418813
4596 418819
4597 419477
4598 419483
4599 419599
4600 419603
4601 419609
4602 419803
4603 420271
4604 420323
4605 420353
4606 420421
4607 420481
4608 420503
4609 420781
4610 420803
4611 420809
4612 420811
4613 420859
4614 421037
4615 421123
4616 421181
4617 421661
4618 421711
4619 421717
4620 421741
4621 422087
4622 422089
4623 422101
4624 422113
4625 422141
4626 422243
4627 422249
4628 422311
4629 422557
4630 422563
4631 422567
4632 422573
4633 422761
4634 422881
4635 422897
4636 422899
4637 423461
4638 423463
4639 423469
4640 423887
4641 423991
4642 424003
4643 424007
4644 424121
4645 424577
4646 424777
4647 424843
4648 424849
4649 424891
4650 424913
4651 425281
4652 425443
4653 425521
4654 425861
4655 426091
4656 426233
4657 426743
4658 426761
4659 426763
4660 427423
4661 427429
4662 427433
4663 427439
4664 427451
4665 427457
4666 427969
4667 427993
4668 427997
4669 428003
4670 428033
4671 428039
4672 428041
4673 428047
4674 428251
4675 429139
4676 429431
4677 429467
4678 429469
4679 429511
4680 429551
4681 429677
4682 429679
4683 429683
4684 429733
4685 429901
4686 429907
4687 429911
4688 429917
4689 429931
4690 429937
4691 429943
4692 429973
4693 430013
4694 430019
4695 430751
4696 430753
4697 430823
4698 430883
4699 431021
4700 431051
4701 431621
4702 431731
4703 431807
4704 431933
4705 432149
4706 432163
4707 432167
4708 432559
4709 432589
4710 433261
4711 433267
4712 433271
4713 433373
4714 433681
4715 434117
4716 434719
4717 434831
4718 434981
4719 435143
4720 435181
4721 435187
4722 435191
4723 435439
4724 435641
4725 435647
4726 435649
4727 435653
4728 435893
4729 436097
4730 436481
4731 436483
4732 436531
4733 436549
4734 436651
4735 436741
4736 436979
4737 437153
4738 437159
4739 437693
4740 438049
4741 438983
4742 438989
4743 439009
4744 439463
4745 439577
4746 439583
4747 440339
4748 440399
4749 440551
4750 440569
4751 440581
4752 440681
4753 440683
4754 441043
4755 441113
4756 441191
4757 441193
4758 441263
4759 442031
4760 442033
4761 442501
4762 442781
4763 442831
4764 442837
4765 442843
4766 442991
4767 442997
4768 443041
4769 443059
4770 443063
4771 443167
4772 443171
4773 443237
4774 443243
4775 443249
4776 443293
4777 443563
4778 443567
4779 443759
4780 443761
4781 443879
4782 443881
4783 444001
4784 444007
4785 444131
4786 444181
4787 444187
4788 444293
4789 444469
4790 444473
4791 444557
4792 444641
4793 444863
4794 444869
4795 444887
4796 444893
4797 445033
4798 445103
4799 445283
4800 446401
4801 446911
4802 447137
4803 447263
4804 447449
4805 447451
4806 447467
4807 448031
4808 448141
4809 448159
4810 448373
4811 448379
4812 448871
4813 448873
4814 448879
4815 448883
4816 449131
4817 449153
4818 449173
4819 449269
4820 449441
4821 449567
4822 449569
4823 449681
4824 449693
4825 449699
4826 450103
4827 450227
4828 450259
4829 450301
4830 450481
4831 450487
4832 450493
4833 450803
4834 450809
4835 450811
4836 450817
4837 450841
4838 450847
4839 450883
4840 450887
4841 450893
4842 450899
4843 450917
4844 451109
4845 451313
4846 451681
4847 451901
4848 451903
4849 451909
4850 452297
4851 452533
4852 452537
4853 452539
4854 452633
4855 453671
4856 453851
4857 454063
4858 454213
4859 454219
4860 454231
4861 454921
4862 455341
4863 455491
4864 455831
4865 456557
4866 456559
4867 456901
4868 457003
4869 457279
4870 457403
4871 457673
4872 457679
4873 457817
4874 458057
4875 458063
4876 458069
4877 458401
4878 458407
4879 458963
4880 458981
4881 458987
4882 458993
4883 459031
4884 459037
4885 459383
4886 460091
4887 460637
4888 460643
4889 460913
4890 460919
4891 460951
4892 460973
4893 460979
4894 460981
4895 460987
4896 460991
4897 461011
4898 461017
4899 461327
4900 461333
4901 461413
4902 461609
4903 462571
4904 462577
4905 462677
4906 463831
4907 463921
4908 464141
4909 464143
4910 464281
4911 464311
4912 464561
4913 464621
4914 464773
4915 464777
4916 464813
4917 464819
4918 464927
4919 464941
4920 464953
4921 465011
4922 465013
4923 465019
4924 465077
4925 465079
4926 465167
4927 465169
4928 465173
4929 465211
4930 466091
4931 466651
4932 466751
4933 467123
4934 467633
4935 467671
4936 467881
4937 467897
4938 467899
4939 467903
4940 468071
4941 468113
4942 468191
4943 468493
4944 468499
4945 468739
4946 468887
4947 468889
4948 468893
4949 468899
4950 469241
4951 470081
4952 470083
4953 470087
4954 470089
4955 470213
4956 470219
4957 470413
4958 470417
4959 470447
4960 470453
4961 470473
4962 470599
4963 471301
4964 471673
4965 471677
4966 471683
4967 471721
4968 472139
4969 472163
4970 472333
4971 472393
4972 472399
4973 472561
4974 472711
4975 473513
4976 473519
4977 473531
4978 473533
4979 473743
4980 473953
4981 474077
4982 474571
4983 474583
4984 474811
4985 475301
4986 475381
4987 475429
4988 475639
4989 475693
4990 475697
4991 475763
4992 475841
4993 475907
4994 476029
4995 476041
4996 476089
4997 476111
4998 476423
4999 476429
5000 476683
5001 476891
5002 477361
5003 477553
5004 477557
5005 478273
5006 478421
5007 478427
5008 478433
5009 478453
5010 478459
5011 478483
5012 478637
5013 478741
5014 478747
5015 478901
5016 478931
5017 478937
5018 478943
5019 479243
5020 480023
5021 480061
5022 480463
5023 480521
5024 480527
5025 480533
5026 480587
5027 480941
5028 481003
5029 481009
5030 481211
5031 482033
5032 482039
5033 482101
5034 482231
5035 482233
5036 482401
5037 482407
5038 482413
5039 482441
5040 482663
5041 483233
5042 483239
5043 483251
5044 483409
5045 483503
5046 483767
5047 483773
5048 483811
5049 483829
5050 484373
5051 484459
5052 484493
5053 485731
5054 485833
5055 486223
5056 486331
5057 486391
5058 486397
5059 486511
5060 486671
5061 486677
5062 486679
5063 486683
5064 486949
5065 487397
5066 487471
5067 487477
5068 487481
5069 487657
5070 487831
5071 488263
5072 488311
5073 488317
5074 488321
5075 488333
5076 488339
5077 488407
5078 488419
5079 488641
5080 488897
5081 489241
5082 489431
5083 489553
5084 489557
5085 489679
5086 489691
5087 489803
5088 489851
5089 489871
5090 489961
5091 490121
5092 490271
5093 490277
5094 490283
5095 490541
5096 490543
5097 490549
5098 490573
5099 490577
5100 490579
5101 490663
5102 490951
5103 490957
5104 490969
5105 490993
5106 491083
5107 491171
5108 491357
5109 491503
5110 491537
5111 491539
5112 492061
5113 492067
5114 492631
5115 492673
5116 493123
5117 493127
5118 493133
5119 493139
5120 493219
5121 493733
5122 493811
5123 493813
5124 493817
5125 494383
5126 494387
5127 494567
5128 494621
5129 494651
5130 494761
5131 495361
5132 495461
5133 495563
5134 495569
5135 495571
5136 495589
5137 495613
5138 495617
5139 495619
5140 495791
5141 495797
5142 495799
5143 495829
5144 496481
5145 496487
5146 496493
5147 496499
5148 496897
5149 496901
5150 497281
5151 497741
5152 498103
5153 498613
5154 498653
5155 498781
5156 498787
5157 498791
5158 499139
5159 499141
5160 499159
5161 499183
5162 499189
5163 499483
5164 499663
5165 499669
5166 499673
5167 499679
5168 499691
5169 499693
5170 500473
5171 500891
5172 500911
5173 500923
5174 501191
5175 501197
5176 501203
5177 501209
5178 501707
5179 501829
5180 502081
5181 502087
5182 502093
5183 502261
5184 502507
5185 503233
5186 503383
5187 503389
5188 503623
5189 504359
5190 504379
5191 504619
5192 504683
5193 504857
5194 504947
5195 504953
5196 504991
5197 505051
5198 505159
5199 505327
5200 505513
5201 505711
5202 505781
5203 506351
5204 506357
5205 506537
5206 506593
5207 506599
5208 507151
5209 507349
5210 507361
5211 507781
5212 508037
5213 508367
5214 508373
5215 508517
5216 508579
5217 508583
5218 508913
5219 508919
5220 508961
5221 508973
5222 509693
5223 509699
5224 509741
5225 509801
5226 509843
5227 510403
5228 510583
5229 510589
5230 510613
5231 510617
5232 510619
5233 511061
5234 511171
5235 511177
5236 511213
5237 511457
5238 511463
5239 512579
5240 512581
5241 512593
5242 512597
5243 512929
5244 513017
5245 513109
5246 513173
5247 513731
5248 513769
5249 514013
5250 514061
5251 514081
5252 514247
5253 514249
5254 514361
5255 514649
5256 514651
5257 514751
5258 514757
5259 515377
5260 515381
5261 515653
5262 515681
5263 515687
5264 515693
5265 515777
5266 515783
5267 515861
5268 516227
5269 516233
5270 516251
5271 516253
5272 516541
5273 516713
5274 516977
5275 516979
5276 517087
5277 517091
5278 517211
5279 517217
5280 517243
5281 517249
5282 517403
5283 517471
5284 517501
5285 517507
5286 517511
5287 517513
5288 517619
5289 517639
5290 517733
5291 517739
5292 518743
5293 518747
5294 518761
5295 518767
5296 518803
5297 518807
5298 518809
5299 518813
5300 519091
5301 519097
5302 519121
5303 519373
5304 519523
5305 519527
5306 519553
5307 519587
5308 520021
5309 520073
5310 520361
5311 520363
5312 520369
5313 520381
5314 520427
5315 520433
5316 520451
5317 520633
5318 520721
5319 521041
5320 521047
5321 521051
5322 521369
5323 521401
5324 521537
5325 521539
5326 521671
5327 521791
5328 521813
5329 521819
5330 521881
5331 521887
5332 522083
5333 522233
5334 522239
5335 522283
5336 522289
5337 522413
5338 522677
5339 522679
5340 522707
5341 522763
5342 522857
5343 522887
5344 522961
5345 523543
5346 523573
5347 523577
5348 524203
5349 524221
5350 524413
5351 524521
5352 524947
5353 524959
5354 524963
5355 524969
5356 524971
5357 524983
5358 525001
5359 525017
5360 525377
5361 525379
5362 525461
5363 525467
5364 525719
5365 525731
5366 526051
5367 526067
5368 526069
5369 526073
5370 526297
5371 526391
5372 526397
5373 526637
5374 526651
5375 526657
5376 526681
5377 526741
5378 526763
5379 526781
5380 527071
5381 527411
5382 527603
5383 527633
5384 528317
5385 528403
5386 528511
5387 528823
5388 528883
5389 529043
5390 529049
5391 529051
5392 529241
5393 529273
5394 529691
5395 529693
5396 529981
5397 529987
5398 530021
5399 530027
5400 530251
5401 530297
5402 530303
5403 530339
5404 530539
5405 530603
5406 530609
5407 530713
5408 530861
5409 531359
5410 531613
5411 531833
5412 532199
5413 532333
5414 532453
5415 532621
5416 533191
5417 533263
5418 534047
5419 534049
5420 534077
5421 534649
5422 534661
5423 535679
5424 536287
5425 536293
5426 536449
5427 536453
5428 536513
5429 536533
5430 536719
5431 536773
5432 536777
5433 536779
5434 536803
5435 536869
5436 537011
5437 537041
5438 538127
5439 538157
5440 538159
5441 538163
5442 538301
5443 538303
5444 538309
5445 538333
5446 538523
5447 538529
5448 538723
5449 538801
5450 538943
5451 539111
5452 539113
5453 539269
5454 539311
5455 539323
5456 539351
5457 540181
5458 540187
5459 540389
5460 540391
5461 540559
5462 540619
5463 540691
5464 540697
5465 540703
5466 541363
5467 541369
5468 541531
5469 541537
5470 541543
5471 541547
5472 541549
5473 541579
5474 541781
5475 542027
5476 542083
5477 542153
5478 542539
5479 542951
5480 543163
5481 543311
5482 543313
5483 543611
5484 543617
5485 543661
5486 543707
5487 543713
5488 543791
5489 543793
5490 543797
5491 544139
5492 544279
5493 544889
5494 545093
5495 545621
5496 546353
5497 546619
5498 547273
5499 547373
5500 547499
5501 547501
5502 547663
5503 548243
5504 548843
5505 548903
5506 548909
5507 549023
5508 549097
5509 549163
5510 549167
5511 549169
5512 549551
5513 549553
5514 549649
5515 549737
5516 549739
5517 549751
5518 550213
5519 550289
5520 550447
5521 550471
5522 550861
5523 550973
5524 551003
5525 551069
5526 551729
5527 551731
5528 551963
5529 552107
5530 552113
5531 552263
5532 552493
5533 552757
5534 552917
5535 553103
5536 553703
5537 553921
5538 554209
5539 554791
5540 554797
5541 554803
5542 554843
5543 554849
5544 556271
5545 556273
5546 556279
5547 556331
5548 556609
5549 556613
5550 556693
5551 556697
5552 556727
5553 556861
5554 556867
5555 557033
5556 557537
5557 557743
5558 557747
5559 557761
5560 557803
5561 558431
5562 558479
5563 558499
5564 558533
5565 558539
5566 558541
5567 560093
5568 560123
5569 560173
5570 560179
5571 560243
5572 560249
5573 560491
5574 560503
5575 560641
5576 560771
5577 560891
5578 560893
5579 560897
5580 561101
5581 561103
5582 561109
5583 561377
5584 562021
5585 562301
5586 562307
5587 562313
5588 562351
5589 562357
5590 562361
5591 562421
5592 562427
5593 562591
5594 562633
5595 562673
5596 562693
5597 562699
5598 562703
5599 562967
5600 562973
5601 562979
5602 563011
5603 563041
5604 563047
5605 563051
5606 563117
5607 563119
5608 563153
5609 564061
5610 564373
5611 564409
5612 564467
5613 564671
5614 564703
5615 564709
5616 564713
5617 564989
5618 565261
5619 565337
5620 565343
5621 565387
5622 565391
5623 565393
5624 565511
5625 565517
5626 565519
5627 565559
5628 565571
5629 565909
5630 565921
5631 566233
5632 566431
5633 566437
5634 566441
5635 566443
5636 566551
5637 566557
5638 566563
5639 566567
5640 566681
5641 566723
5642 567881
5643 567883
5644 568193
5645 568913
5646 568991
5647 569003
5648 569161
5649 569213
5650 569267
5651 569269
5652 569603
5653 569609
5654 569731
5655 569819
5656 569843
5657 569903
5658 570043
5659 570047
5660 570049
5661 570079
5662 570083
5663 570113
5664 570413
5665 570419
5666 570421
5667 570497
5668 570499
5669 570511
5670 570529
5671 570671
5672 570677
5673 570683
5674 570853
5675 570859
5676 571603
5677 571721
5678 571871
5679 571873
5680 571877
5681 572063
5682 572069
5683 572323
5684 572329
5685 572333
5686 572639
5687 572653
5688 572657
5689 572659
5690 572711
5691 573497
5692 573511
5693 573527
5694 573761
5695 573763
5696 573851
5697 573901
5698 574163
5699 574169
5700 574183
5701 574309
5702 574631
5703 574817
5704 574967
5705 574969
5706 575251
5707 575257
5708 575261
5709 575431
5710 575593
5711 575699
5712 575867
5713 575923
5714 575963
5715 576221
5716 576223
5717 576227
5718 576473
5719 576553
5720 576703
5721 576743
5722 576749
5723 576791
5724 577351
5725 577523
5726 577529
5727 577531
5728 577537
5729 577939
5730 577981
5731 578861
5732 579283
5733 579287
5734 579521
5735 579533
5736 579539
5737 579541
5738 579571
5739 579587
5740 579641
5741 579643
5742 579883
5743 580361
5744 580381
5745 580691
5746 580693
5747 580763
5748 580891
5749 581183
5750 581201
5751 581353
5752 581411
5753 581447
5754 581701
5755 582161
5756 582167
5757 582173
5758 582731
5759 582737
5760 582767
5761 582773
5762 583171
5763 583523
5764 583673
5765 584609
5766 584791
5767 585041
5768 585043
5769 585049
5770 585073
5771 585077
5772 585581
5773 585587
5774 585593
5775 585743
5776 585749
5777 585857
5778 585863
5779 585881
5780 585883
5781 585889
5782 585913
5783 585917
5784 585919
5785 586577
5786 586603
5787 586609
5788 586631
5789 586633
5790 586813
5791 586819
5792 586841
5793 586981
5794 587053
5795 587057
5796 587063
5797 587441
5798 587551
5799 587621
5800 587623
5801 587753
5802 587773
5803 587897
5804 587971
5805 587989
5806 588173
5807 588949
5808 588953
5809 589531
5810 589609
5811 589811
5812 589861
5813 589877
5814 590131
5815 590137
5816 590141
5817 592133
5818 592139
5819 592309
5820 592643
5821 592649
5822 592663
5823 593083
5824 593183
5825 593213
5826 593231
5827 593233
5828 593293
5829 593297
5830 593407
5831 593513
5832 593519
5833 593651
5834 594313
5835 594401
5836 594403
5837 594469
5838 594577
5839 594931
5840 594961
5841 595159
5842 595183
5843 595271
5844 595277
5845 595967
5846 596083
5847 596261
5848 596293
5849 597437
5850 597581
5851 597593
5852 597599
5853 597673
5854 597677
5855 597679
5856 598163
5857 598193
5858 598657
5859 598691
5860 598729
5861 599009
5862 599023
5863 600073
5864 600241
5865 600247
5866 600311
5867 600317
5868 600319
5869 600361
5870 600367
5871 600371
5872 600407
5873 600701
5874 600703
5875 600893
5876 600961
5877 600983
5878 601043
5879 601319
5880 601763
5881 602311
5882 602317
5883 602321
5884 603013
5885 603529
5886 603563
5887 603569
5888 603793
5889 603851
5890 603853
5891 603859
5892 603907
5893 603913
5894 603917
5895 603919
5896 603923
5897 604313
5898 604319
5899 604349
5900 604733
5901 604823
5902 604829
5903 604861
5904 604867
5905 605071
5906 605261
5907 605413
5908 605603
5909 605609
5910 605641
5911 606037
5912 606041
5913 606079
5914 606083
5915 606313
5916 606589
5917 606659
5918 606743
5919 606839
5920 606971
5921 607007
5922 607097
5923 607129
5924 607151
5925 607153
5926 607157
5927 607163
5928 607339
5929 608033
5930 608359
5931 608371
5932 608393
5933 608431
5934 608521
5935 608527
5936 608611
5937 608903
5938 609617
5939 609619
5940 609781
5941 610703
5942 610847
5943 610849
5944 610921
5945 611557
5946 611561
5947 612043
5948 612049
5949 612071
5950 612373
5951 612377
5952 612383
5953 612817
5954 612823
5955 613181
5956 613247
5957 613253
5958 613447
5959 613451
5960 613471
5961 613577
5962 614147
5963 614153
5964 614183
5965 614563
5966 614569
5967 614693
5968 614749
5969 614753
5970 614759
5971 615403
5972 615431
5973 615437
5974 615743
5975 615749
5976 615751
5977 615833
5978 616141
5979 616157
5980 616171
5981 616223
5982 616229
5983 616411
5984 616523
5985 616529
5986 616789
5987 616793
5988 616799
5989 616849
5990 617059
5991 617131
5992 617341
5993 617363
5994 617369
5995 617473
5996 617479
5997 617719
5998 617723
5999 618053
6000 618271
6001 618349
6002 618593
6003 619067
6004 619607
6005 619613
6006 619813
6007 619819
6008 619987
6009 620003
6010 620363
6011 620441
6012 620693
6013 620773
6014 620777
6015 620831
6016 620933
6017 621017
6018 621031
6019 621241
6020 621359
6021 621631
6022 621941
6023 622051
6024 622159
6025 622549
6026 622613
6027 622619
6028 622621
6029 622639
6030 623303
6031 623393
6032 623681
6033 623683
6034 623771
6035 623881
6036 624331
6037 624521
6038 624541
6039 624803
6040 624809
6041 624851
6042 625631
6043 625637
6044 625643
6045 625661
6046 625663
6047 626011
6048 626191
6049 626611
6050 626617
6051 626621
6052 626623
6053 626627
6054 626629
6055 626713
6056 627661
6057 627667
6058 627673
6059 627799
6060 628057
6061 628063
6062 628801
6063 629011
6064 629611
6065 629617
6066 629623
6067 631273
6068 631471
6069 631487
6070 631531
6071 631537
6072 631577
6073 631583
6074 631753
6075 631859
6076 631861
6077 631867
6078 631931
6079 631937
6080 631993
6081 632231
6082 632351
6083 632353
6084 632393
6085 632501
6086 632503
6087 632627
6088 632629
6089 632717
6090 633469
6091 633473
6092 633803
6093 634943
6094 635291
6095 635293
6096 635351
6097 635353
6098 635359
6099 635363
6100 635731
6101 635737
6102 635981
6103 635983
6104 635989
6105 636073
6106 636763
6107 637003
6108 637321
6109 637327
6110 637339
6111 637711
6112 637717
6113 637723
6114 637727
6115 637729
6116 637787
6117 638063
6118 638861
6119 639269
6120 639701
6121 639703
6122 640049
6123 640153
6124 640261
6125 640267
6126 640967
6127 640973
6128 641471
6129 641521
6130 641873
6131 642881
6132 643043
6133 643697
6134 643703
6135 644051
6136 644053
6137 644057
6138 644131
6139 644143
6140 644363
6141 644381
6142 644383
6143 644731
6144 645019
6145 645023
6146 645041
6147 645433
6148 645503
6149 645529
6150 646183
6151 646189
6152 646193
6153 646199
6154 646273
6155 646309
6156 646889
6157 646993
6158 647363
6159 647531
6160 647663
6161 647743
6162 647747
6163 647753
6164 648061
6165 648101
6166 648107
6167 648259
6168 648631
6169 648653
6170 649487
6171 649501
6172 649507
6173 649511
6174 649577
6175 649639
6176 649643
6177 649661
6178 649771
6179 649777
6180 649783
6181 649787
6182 649793
6183 649799
6184 649801
6185 649871
6186 649877
6187 649879
6188 650627
6189 650873
6190 651193
6191 651251
6192 651257
6193 651293
6194 651811
6195 651841
6196 651857
6197 651863
6198 651869
6199 651881
6200 652343
6201 652361
6202 652373
6203 652577
6204 652609
6205 652739
6206 652741
6207 652747
6208 652753
6209 652759
6210 652933
6211 652937
6212 652943
6213 653539
6214 653563
6215 653713
6216 654023
6217 654029
6218 654169
6219 654191
6220 654223
6221 654229
6222 654233
6223 654613
6224 654749
6225 654781
6226 654803
6227 654821
6228 654827
6229 655561
6230 655583
6231 655601
6232 655657
6233 656323
6234 656329
6235 656333
6236 656603
6237 656609
6238 656687
6239 656753
6240 657049
6241 657091
6242 657131
6243 657313
6244 657473
6245 657493
6246 657497
6247 657499
6248 657659
6249 657661
6250 658649
6251 658969
6252 659657
6253 659671
6254 659693
6255 660071
6256 660073
6257 660349
6258 660563
6259 660599
6260 660601
6261 660607
6262 660619
6263 660733
6264 660811
6265 660817
6266 661099
6267 661103
6268 661109
6269 661121
6270 661481
6271 661483
6272 661889
6273 661951
6274 662539
6275 662693
6276 662941
6277 662947
6278 662951
6279 662953
6280 662957
6281 663053
6282 663571
6283 663583
6284 663587
6285 663589
6286 663601
6287 663977
6288 663979
6289 663983
6290 664123
6291 664583
6292 664589
6293 664621
6294 664667
6295 664669
6296 664691
6297 664693
6298 664793
6299 664799
6300 665051
6301 665053
6302 665113
6303 665117
6304 665123
6305 665803
6306 666751
6307 666773
6308 667243
6309 667427
6310 667559
6311 667561
6312 667861
6313 667867
6314 668051
6315 668203
6316 668209
6317 668741
6318 668747
6319 668873
6320 668879
6321 669677
6322 669679
6323 669857
6324 669859
6325 669863
6326 669869
6327 670493
6328 670511
6329 670517
6330 671261
6331 671357
6332 671537
6333 671921
6334 671941
6335 671947
6336 671971
6337 672043
6338 672143
6339 672227
6340 672229
6341 672293
6342 672781
6343 672787
6344 672803
6345 673093
6346 673111
6347 673117
6348 673121
6349 673207
6350 673399
6351 673403
6352 673639
6353 673643
6354 673649
6355 673669
6356 674719
6357 674761
6358 674767
6359 674771
6360 674833
6361 674837
6362 675133
6363 675253
6364 675553
6365 675559
6366 675611
6367 675617
6368 675841
6369 675863
6370 675881
6371 675979
6372 676061
6373 676391
6374 676411
6375 676931
6376 676937
6377 676943
6378 676987
6379 676993
6380 677233
6381 677239
6382 677543
6383 677563
6384 678203
6385 678221
6386 678581
6387 678611
6388 678647
6389 678649
6390 678653
6391 678659
6392 678761
6393 678763
6394 678767
6395 678773
6396 678779
6397 679171
6398 679751
6399 679753
6400 680003
6401 680081
6402 680083
6403 680299
6404 680401
6405 680509
6406 680881
6407 681049
6408 681091
6409 681257
6410 681259
6411 681451
6412 681841
6413 681983
6414 682001
6415 682291
6416 682307
6417 682739
6418 683479
6419 683483
6420 683489
6421 683821
6422 683833
6423 683861
6424 683863
6425 683911
6426 684349
6427 684773
6428 684793
6429 684799
6430 685103
6431 685109
6432 685519
6433 685541
6434 685547
6435 686011
6436 686029
6437 686041
6438 686993
6439 687023
6440 687163
6441 687317
6442 687433
6443 687437
6444 687443
6445 687461
6446 688031
6447 688073
6448 688451
6449 688453
6450 689081
6451 689093
6452 689267
6453 689467
6454 689807
6455 689873
6456 689879
6457 689893
6458 689921
6459 689959
6460 689963
6461 690511
6462 691151
6463 691153
6464 691193
6465 691199
6466 691349
6467 691723
6468 691727
6469 691729
6470 691841
6471 691843
6472 691921
6473 692149
6474 692401
6475 692407
6476 692413
6477 693169
6478 693691
6479 693697
6480 693701
6481 693743
6482 693829
6483 693881
6484 694081
6485 694087
6486 694091
6487 694277
6488 694361
6489 694367
6490 694373
6491 694391
6492 694571
6493 694789
6494 694999
6495 695003
6496 695021
6497 695089
6498 695327
6499 695329
6500 695371
6501 695377
6502 695411
6503 695603
6504 695663
6505 696323
6506 696827
6507 696833
6508 696853
6509 697271
6510 697399
6511 697523
6512 697603
6513 697691
6514 697693
6515 698021
6516 698053
6517 698263
6518 698543
6519 699541
6520 699767
6521 700081
6522 700087
6523 700103
6524 700109
6525 700129
6526 700363
6527 700367
6528 701417
6529 701419
6530 701453
6531 701509
6532 701531
6533 701629
6534 702139
6535 702349
6536 702353
6537 702439
6538 703141
6539 703711
6540 704027
6541 704029
6542 704551
6543 704569
6544 704581
6545 704783
6546 704801
6547 704807
6548 704861
6549 704863
6550 704867
6551 705013
6552 705017
6553 705169
6554 706003
6555 706009
6556 706159
6557 706301
6558 706313
6559 706751
6560 706753
6561 706757
6562 706763
6563 707953
6564 707957
6565 707983
6566 708017
6567 708023
6568 708049
6569 708053
6570 708139
6571 708163
6572 708223
6573 708229
6574 708287
6575 708293
6576 708347
6577 708353
6578 708359
6579 708361
6580 708497
6581 708569
6582 708601
6583 709153
6584 709157
6585 709283
6586 709453
6587 709609
6588 709693
6589 709853
6590 709913
6591 710027
6592 710531
6593 710573
6594 710609
6595 710623
6596 710627
6597 710851
6598 710867
6599 710873
6600 710911
6601 710917
6602 710933
6603 711023
6604 711713
6605 711731
6606 711751
6607 711757
6608 712303
6609 712321
6610 712429
6611 712433
6612 712499
6613 712511
6614 712913
6615 713149
6616 713191
6617 713311
6618 713351
6619 713353
6620 713357
6621 713411
6622 713417
6623 714841
6624 714853
6625 715159
6626 715193
6627 715441
6628 715457
6629 715877
6630 715879
6631 715969
6632 715973
6633 716003
6634 716413
6635 717533
6636 717539
6637 717593
6638 718381
6639 718387
6640 718391
6641 718433
6642 718463
6643 719189
6644 719683
6645 719689
6646 719717
6647 719723
6648 719753
6649 720301
6650 720413
6651 720571
6652 720619
6653 720901
6654 721111
6655 721117
6656 721141
6657 721163
6658 721169
6659 721181
6660 721229
6661 721321
6662 721337
6663 721621
6664 722321
6665 723103
6666 723109
6667 723113
6668 723119
6669 723167
6670 723169
6671 723413
6672 723563
6673 723859
6674 723977
6675 724007
6676 724313
6677 724517
6678 724519
6679 724601
6680 724631
6681 724643
6682 724733
6683 724751
6684 724781
6685 724783
6686 725119
6687 725161
6688 725323
6689 725327
6690 726107
6691 726109
6692 726623
6693 726629
6694 726701
6695 726707
6696 726811
6697 727271
6698 727273
6699 727501
6700 727733
6701 727781
6702 728731
6703 728747
6704 728929
6705 728971
6706 729041
6707 729373
6708 729571
6709 729577
6710 730573
6711 730591
6712 730637
6713 730823
6714 730913
6715 731191
6716 731251
6717 731257
6718 731261
6719 731267
6720 731509
6721 731603
6722 731741
6723 731923
6724 732211
6725 732217
6726 732233
6727 732239
6728 732293
6729 732299
6730 732971
6731 733289
6732 733393
6733 733399
6734 733871
6735 733883
6736 733939
6737 734207
6738 734273
6739 734431
6740 734477
6741 734479
6742 734813
6743 734819
6744 735391
6745 735443
6746 735739
6747 736097
6748 736277
6749 736279
6750 736409
6751 736471
6752 737041
6753 737047
6754 737053
6755 737059
6756 737131
6757 737501
6758 737507
6759 737509
6760 737533
6761 737537
6762 737573
6763 737593
6764 738403
6765 739121
6766 739201
6767 739399
6768 739513
6769 739637
6770 739861
6771 740329
6772 740603
6773 740713
6774 740717
6775 741011
6776 741079
6777 741127
6778 741131
6779 741137
6780 741473
6781 741479
6782 741493
6783 741683
6784 742213
6785 742219
6786 742243
6787 742541
6788 743137
6789 743143
6790 743161
6791 743167
6792 743173
6793 743177
6794 743179
6795 743837
6796 743851
6797 744253
6798 744397
6799 744409
6800 744833
6801 745751
6802 745753
6803 745757
6804 746903
6805 747451
6806 747457
6807 747463
6808 747871
6809 748211
6810 748217
6811 748219
6812 748829
6813 748831
6814 749171
6815 749351
6816 749431
6817 749453
6818 749471
6819 749927
6820 749941
6821 750121
6822 750133
6823 750137
6824 750721
6825 750791
6826 750797
6827 750803
6828 750809
6829 751141
6830 751147
6831 751151
6832 751193
6833 751199
6834 751307
6835 751321
6836 751327
6837 751631
6838 751633
6839 751637
6840 751643
6841 751913
6842 752203
6843 752207
6844 752291
6845 752293
6846 752299
6847 752303
6848 752707
6849 752821
6850 752833
6851 752933
6852 753589
6853 753619
6854 753679
6855 753691
6856 753721
6857 754123
6858 754217
6859 754223
6860 754289
6861 754301
6862 754343
6863 754421
6864 754427
6865 754979
6866 754981
6867 754993
6868 755791
6869 755813
6870 756293
6871 757331
6872 758203
6873 758237
6874 758243
6875 758273
6876 758279
6877 758453
6878 758521
6879 758713
6880 758731
6881 758743
6882 758971
6883 759571
6884 759641
6885 760187
6886 760237
6887 760241
6888 760301
6889 760553
6890 761009
6891 761213
6892 761251
6893 761263
6894 761443
6895 761713
6896 762241
6897 762257
6898 762401
6899 762407
6900 762409
6901 762901
6902 762917
6903 762919
6904 763043
6905 763601
6906 763621
6907 763627
6908 763901
6909 763907
6910 763913
6911 764021
6912 764341
6913 764903
6914 764993
6915 764999
6916 765047
6917 765143
6918 765229
6919 765293
6920 765893
6921 765899
6922 766111
6923 766373
6924 766457
6925 767551
6926 767761
6927 768193
6928 768197
6929 768199
6930 768203
6931 768263
6932 768347
6933 768353
6934 768359
6935 768373
6936 768377
6937 769261
6938 769469
6939 769591
6940 769597
6941 769739
6942 770047
6943 770053
6944 770057
6945 770059
6946 770537
6947 770591
6948 770597
6949 770873
6950 770929
6951 771019
6952 771437
6953 771439
6954 771503
6955 771509
6956 771629
6957 772381
6958 772393
6959 772663
6960 772669
6961 773027
6962 773029
6963 773609
6964 773611
6965 773867
6966 773869
6967 774001
6968 774863
6969 775091
6970 775097
6971 775163
6972 775939
6973 776177
6974 776179
6975 776183
6976 776471
6977 776987
6978 777173
6979 777191
6980 777433
6981 777437
6982 778051
6983 778081
6984 778111
6985 778123
6986 778241
6987 778247
6988 778541
6989 778769
6990 779621
6991 779879
6992 780049
6993 780383
6994 780389
6995 780401
6996 780721
6997 780853
6998 780889
6999 781427
7000 781433
7001 781513
7002 781519
7003 781523
7004 781819
7005 781969
7006 781973
7007 782003
7008 782009
7009 782011
7010 782141
7011 782147
7012 782149
7013 782389
7014 782393
7015 782501
7016 782711
7017 783011
7018 783023
7019 783361
7020 783571
7021 783737
7022 783743
7023 783749
7024 783767
7025 783781
7026 783787
7027 783791
7028 783793
7029 783799
7030 783803
7031 784411
7032 784457
7033 784463
7034 784961
7035 785221
7036 785227
7037 785333
7038 785363
7039 785579
7040 786061
7041 786707
7042 786983
7043 787333
7044 787337
7045 787541
7046 787547
7047 787771
7048 787777
7049 787783
7050 787811
7051 787817
7052 787823
7053 788027
7054 788033
7055 788093
7056 788357
7057 788363
7058 788369
7059 788387
7060 788393
7061 788399
7062 788563
7063 788569
7064 788869
7065 788873
7066 789001
7067 789031
7068 789391
7069 789967
7070 789979
7071 790523
7072 790529
7073 790651
7074 790883
7075 791569
7076 791573
7077 791851
7078 791899
7079 791929
7080 791933
7081 792041
7082 792301
7083 792307
7084 792563
7085 792641
7086 792643
7087 792647
7088 792691
7089 792697
7090 792703
7091 792709
7092 792713
7093 792991
7094 793721
7095 793789
7096 793981
7097 794141
7098 794153
7099 794483
7100 795007
7101 795101
7102 795103
7103 795653
7104 795659
7105 795661
7106 795667
7107 795799
7108 795803
7109 796001
7110 796193
7111 796391
7112 796571
7113 796781
7114 796801
7115 796853
7116 796871
7117 796877
7118 796937
7119 797053
7120 797057
7121 797063
7122 797561
7123 797567
7124 797569
7125 797581
7126 797593
7127 797747
7128 798071
7129 798101
7130 798143
7131 798223
7132 798227
7133 798521
7134 798527
7135 798533
7136 799363
7137 799369
7138 799637
7139 799741
7140 799999
7141 800483
7142 800521
7143 800537
7144 800539
7145 800663
7146 800669
7147 800711
7148 800731
7149 800743
7150 801011
7151 801421
7152 801571
7153 801817
7154 802163
7155 802181
7156 802183
7157 802189
7158 802793
7159 802799
7160 802831
7161 803273
7162 803449
7163 803483
7164 803501
7165 803611
7166 804077
7167 804283
7168 804341
7169 804761
7170 804767
7171 805033
7172 805037
7173 805111
7174 805271
7175 805331
7176 805333
7177 805339
7178 805507
7179 805811
7180 805877
7181 806017
7182 806023
7183 806027
7184 806033
7185 806383
7186 806389
7187 807203
7188 807221
7189 807491
7190 807493
7191 807511
7192 807943
7193 807949
7194 808363
7195 808369
7196 808373
7197 808421
7198 808441
7199 808603
7200 808793
7201 809401
7202 809407
7203 809453
7204 809747
7205 809749
7206 809801
7207 809803
7208 809843
7209 810391
7210 810587
7211 811277
7212 811523
7213 811651
7214 812363
7215 812701
7216 813091
7217 813097
7218 813209
7219 813221
7220 813227
7221 813287
7222 813301
7223 814019
7224 814063
7225 814067
7226 814069
7227 814213
7228 814403
7229 814603
7230 814609
7231 814633
7232 814943
7233 814949
7234 815671
7235 816133
7236 816227
7237 816589
7238 816593
7239 816841
7240 816847
7241 816859
7242 816887
7243 816919
7244 817051
7245 817711
7246 817723
7247 817727
7248 817787
7249 817793
7250 817891
7251 817897
7252 818341
7253 818347
7254 818353
7255 818359
7256 818581
7257 819031
7258 819037
7259 819253
7260 819409
7261 819491
7262 819493
7263 819499
7264 819503
7265 819509
7266 820243
7267 820247
7268 820333
7269 820681
7270 821101
7271 821153
7272 821467
7273 821479
7274 822013
7275 822163
7276 822167
7277 822169
7278 822233
7279 822383
7280 822389
7281 822391
7282 822589
7283 822611
7284 822743
7285 822763
7286 822823
7287 822893
7288 823003
7289 823357
7290 823621
7291 823723
7292 823727
7293 823729
7294 823843
7295 824671
7296 825049
7297 825347
7298 825353
7299 825553
7300 825701
7301 826171
7302 826393
7303 826673
7304 826811
7305 828011
7306 828013
7307 828071
7308 828131
7309 828133
7310 828811
7311 828833
7312 828901
7313 829723
7314 829727
7315 829729
7316 829733
7317 830329
7318 830341
7319 830363
7320 830449
7321 830743
7322 831443
7323 831619
7324 831653
7325 831659
7326 831661
7327 831683
7328 831713
7329 831913
7330 831917
7331 832159
7332 832373
7333 832379
7334 832493
7335 832499
7336 832631
7337 832633
7338 832639
7339 832687
7340 832693
7341 832721
7342 832889
7343 833201
7344 833713
7345 833717
7346 833719
7347 833843
7348 833933
7349 834151
7350 834287
7351 834643
7352 834811
7353 834961
7354 835327
7355 835663
7356 836159
7357 836161
7358 836191
7359 836701
7360 836707
7361 836713
7362 836881
7363 837079
7364 837377
7365 837379
7366 837677
7367 837679
7368 838157
7369 838171
7370 838393
7371 838399
7372 838403
7373 838463
7374 838613
7375 838633
7376 838777
7377 838781
7378 838951
7379 838993
7380 839441
7381 839473
7382 839621
7383 839653
7384 840767
7385 840841
7386 840863
7387 840943
7388 840991
7389 841021
7390 841277
7391 841283
7392 841289
7393 841931
7394 841933
7395 842081
7396 842087
7397 842089
7398 842113
7399 842167
7400 842173
7401 842341
7402 842353
7403 842419
7404 842423
7405 842483
7406 842489
7407 842521
7408 843137
7409 843383
7410 843781
7411 843797
7412 844141
7413 844157
7414 844163
7415 844201
7416 844457
7417 844463
7418 844469
7419 844511
7420 844513
7421 844517
7422 844523
7423 844621
7424 844643
7425 845021
7426 845027
7427 845983
7428 845987
7429 845989
7430 846361
7431 846403
7432 846407
7433 846871
7434 846877
7435 846953
7436 846983
7437 847073
7438 847079
7439 847283
7440 847969
7441 847993
7442 847997
7443 848599
7444 848633
7445 848651
7446 848807
7447 848849
7448 848851
7449 848857
7450 849223
7451 849773
7452 850063
7453 850247
7454 850253
7455 850273
7456 850403
7457 851303
7458 851363
7459 851423
7460 851843
7461 852151
7462 852199
7463 852623
7464 852833
7465 852851
7466 852857
7467 852893
7468 853903
7469 854099
7470 854353
7471 854423
7472 855311
7473 855317
7474 855431
7475 855721
7476 855727
7477 855731
7478 855733
7479 855737
7480 855739
7481 856487
7482 856549
7483 856553
7484 856571
7485 856721
7486 856813
7487 856949
7488 857029
7489 857083
7490 857581
7491 857741
7492 857743
7493 857749
7494 857963
7495 857981
7496 858311
7497 858317
7498 858713
7499 859057
7500 859277
7501 859279
7502 859681
7503 859801
7504 860383
7505 860417
7506 860423
7507 860927
7508 860929
7509 860941
7510 860971
7511 861563
7512 861617
7513 861901
7514 861907
7515 861941
7516 861947
7517 862033
7518 862159
7519 862181
7520 862187
7521 862231
7522 862261
7523 862493
7524 862573
7525 862651
7526 862919
7527 862921
7528 863771
7529 863803
7530 863899
7531 863921
7532 864049
7533 864053
7534 864121
7535 864223
7536 864323
7537 864587
7538 864631
7539 865003
7540 865091
7541 865261
7542 865343
7543 865349
7544 865639
7545 865643
7546 865771
7547 866053
7548 866057
7549 866087
7550 866093
7551 866123
7552 867263
7553 867413
7554 867511
7555 867623
7556 868123
7557 868271
7558 868277
7559 868493
7560 868883
7561 868943
7562 869321
7563 869599
7564 870173
7565 870433
7566 870437
7567 870811
7568 870931
7569 871649
7570 871681
7571 871687
7572 872161
7573 872177
7574 872237
7575 872243
7576 872383
7577 872387
7578 872393
7579 872441
7580 872611
7581 872623
7582 873421
7583 873427
7584 873541
7585 873671
7586 874103
7587 874109
7588 874121
7589 874127
7590 874271
7591 874277
7592 875263
7593 875267
7594 875269
7595 875333
7596 875339
7597 875341
7598 875447
7599 875513
7600 875519
7601 875521
7602 875627
7603 875629
7604 875683
7605 875689
7606 875761
7607 875783
7608 876019
7609 876023
7610 876203
7611 876331
7612 876373
7613 876653
7614 876791
7615 876797
7616 876853
7617 877117
7618 877399
7619 877403
7620 877871
7621 877873
7622 877879
7623 877883
7624 878041
7625 878201
7626 878663
7627 878681
7628 878837
7629 878873
7630 878957
7631 879271
7632 879287
7633 879691
7634 879709
7635 879713
7636 880573
7637 880703
7638 880709
7639 880727
7640 880729
7641 880823
7642 881147
7643 881173
7644 882031
7645 882251
7646 882253
7647 882391
7648 883111
7649 883117
7650 883121
7651 883237
7652 883241
7653 883247
7654 883249
7655 883343
7656 883433
7657 883699
7658 883703
7659 883783
7660 884311
7661 884371
7662 884831
7663 885553
7664 885823
7665 885889
7666 885893
7667 885961
7668 885967
7669 885971
7670 885977
7671 886021
7672 886471
7673 886541
7674 886547
7675 886549
7676 886981
7677 886987
7678 886993
7679 886999
7680 887401
7681 887659
7682 887671
7683 887923
7684 888161
7685 888163
7686 888431
7687 888781
7688 889001
7689 889043
7690 889351
7691 889367
7692 889373
7693 889879
7694 889909
7695 890161
7696 890863
7697 890867
7698 891523
7699 891661
7700 891679
7701 891827
7702 891829
7703 891893
7704 891899
7705 892271
7706 892783
7707 893119
7708 893363
7709 893383
7710 894139
7711 894211
7712 894281
7713 894287
7714 894431
7715 894451
7716 894793
7717 895247
7718 895253
7719 895313
7720 895319
7721 895361
7722 895651
7723 895669
7724 895673
7725 895801
7726 895903
7727 896453
7728 897059
7729 897271
7730 897581
7731 898213
7732 898243
7733 898481
7734 898483
7735 898673
7736 900161
7737 900293
7738 900331
7739 900587
7740 900589
7741 900593
7742 900673
7743 900763
7744 900937
7745 901013
7746 901211
7747 901213
7748 902599
7749 902771
7750 902777
7751 902987
7752 903407
7753 903451
7754 903457
7755 904103
7756 904121
7757 904517
7758 904523
7759 904637
7760 904643
7761 904663
7762 904667
7763 904681
7764 904697
7765 904781
7766 904793
7767 904933
7768 905209
7769 905213
7770 905693
7771 906013
7772 906233
7773 906331
7774 906541
7775 906751
7776 906757
7777 906931
7778 907301
7779 907471
7780 907733
7781 907813
7782 908381
7783 908491
7784 908543
7785 908549
7786 908821
7787 908861
7788 908863
7789 908881
7790 909091
7791 909301
7792 909319
7793 909331
7794 909343
7795 909541
7796 909547
7797 909911
7798 909917
7799 910109
7800 910141
7801 910631
7802 911161
7803 911167
7804 911171
7805 911173
7806 911179
7807 911233
7808 911293
7809 911363
7810 912467
7811 912469
7812 912491
7813 912497
7814 912853
7815 912859
7816 912871
7817 912979
7818 914581
7819 914611
7820 915203
7821 915223
7822 916061
7823 916187
7824 916189
7825 916471
7826 916477
7827 916939
7828 917053
7829 917239
7830 917243
7831 917633
7832 917689
7833 917771
7834 917773
7835 917831
7836 917837
7837 917843
7838 917849
7839 918143
7840 918149
7841 918161
7842 918443
7843 919021
7844 919033
7845 919253
7846 919421
7847 919423
7848 919427
7849 919951
7850 920279
7851 920281
7852 920411
7853 920443
7854 920791
7855 921199
7856 921203
7857 921647
7858 921751
7859 922073
7860 922079
7861 922081
7862 922087
7863 922291
7864 922333
7865 922513
7866 922517
7867 923179
7868 923183
7869 923203
7870 923581
7871 923603
7872 924041
7873 924043
7874 924101
7875 924361
7876 924403
7877 924421
7878 924719
7879 924731
7880 924773
7881 924779
7882 924829
7883 925081
7884 925087
7885 925121
7886 925193
7887 925391
7888 925501
7889 925517
7890 925523
7891 925621
7892 926113
7893 926131
7894 926183
7895 926671
7896 928157
7897 928159
7898 928163
7899 928273
7900 928427
7901 928429
7902 928463
7903 928469
7904 928471
7905 928621
7906 928651
7907 928819
7908 929059
7909 929063
7910 929069
7911 929087
7912 929629
7913 929641
7914 929647
7915 930287
7916 930289
7917 930571
7918 931319
7919 931577
7920 931751
7921 931757
7922 931877
7923 931883
7924 932003
7925 932153
7926 932209
7927 932221
7928 932227
7929 932231
7930 932567
7931 932597
7932 932683
7933 933067
7934 933073
7935 933269
7936 933407
7937 933811
7938 933817
7939 933851
7940 933853
7941 934069
7942 934127
7943 934891
7944 934897
7945 934909
7946 934981
7947 935201
7948 935381
7949 935653
7950 935719
7951 936181
7952 936739
7953 936779
7954 936919
7955 936941
7956 937231
7957 937243
7958 937681
7959 938033
7960 938053
7961 938057
7962 938059
7963 938881
7964 938983
7965 938989
7966 939011
7967 939361
7968 939377
7969 939769
7970 939773
7971 939793
7972 940001
7973 940003
7974 940301
7975 940351
7976 940531
7977 940547
7978 940549
7979 940553
7980 941027
7981 941209
7982 941267
7983 941471
7984 941491
7985 941513
7986 941519
7987 941671
7988 942017
7989 942317
7990 943081
7991 943303
7992 943307
7993 943373
7994 943603
7995 943783
7996 943801
7997 943841
7998 943843
7999 943849
8000 944521
8001 944527
8002 944533
8003 944563
8004 944731
8005 945391
8006 945397
8007 945481
8008 945887
8009 945941
8010 945943
8011 945949
8012 946093
8013 946111
8014 946489
8015 946511
8016 946513
8017 946877
8018 947383
8019 947389
8020 947411
8021 947413
8022 947417
8023 947423
8024 947743
8025 947747
8026 947753
8027 948053
8028 948091
8029 948449
8030 948551
8031 948557
8032 949021
8033 949037
8034 949043
8035 949427
8036 949441
8037 949453
8038 949633
8039 949651
8040 949961
8041 949967
8042 949973
8043 949979
8044 950483
8045 950501
8046 950507
8047 950531
8048 950699
8049 950839
8050 951061
8051 951109
8052 951649
8053 952669
8054 952691
8055 952877
8056 952883
8057 952981
8058 953501
8059 953503
8060 953507
8061 953543
8062 953987
8063 954263
8064 954269
8065 954871
8066 954979
8067 955319
8068 955337
8069 955483
8070 955711
8071 955729
8072 956399
8073 956401
8074 956953
8075 957433
8076 957773
8077 957959
8078 958043
8079 958049
8080 958051
8081 958057
8082 958063
8083 958361
8084 958367
8085 958369
8086 958973
8087 959873
8088 959879
8089 960139
8090 960991
8091 961073
8092 961091
8093 961097
8094 961099
8095 961141
8096 961159
8097 961531
8098 961549
8099 961637
8100 961643
8101 961661
8102 961663
8103 961691
8104 961813
8105 961817
8106 961993
8107 962011
8108 962461
8109 962627
8110 962681
8111 962683
8112 963241
8113 963343
8114 963349
8115 963499
8116 963691
8117 963709
8118 963901
8119 964519
8120 964883
8121 964889
8122 965201
8123 965411
8124 965623
8125 965777
8126 965779
8127 967511
8128 967753
8129 967877
8130 968021
8131 968027
8132 968147
8133 968273
8134 968333
8135 968503
8136 968521
8137 968911
8138 968917
8139 969259
8140 969461
8141 969467
8142 969923
8143 969929
8144 970063
8145 970069
8146 970091
8147 970261
8148 970267
8149 970817
8150 970861
8151 970867
8152 970969
8153 971053
8154 971153
8155 971281
8156 971389
8157 971569
8158 971981
8159 972031
8160 972121
8161 972133
8162 972137
8163 972347
8164 972353
8165 972613
8166 972901
8167 973073
8168 973411
8169 974161
8170 974167
8171 974179
8172 974539
8173 974891
8174 974971
8175 974977
8176 974983
8177 974989
8178 975281
8179 975287
8180 975523
8181 976013
8182 976303
8183 976307
8184 976309
8185 976457
8186 976643
8187 978053
8188 978071
8189 978073
8190 978077
8191 978079
8192 978287
8193 979343
8194 979373
8195 979379
8196 979543
8197 979549
8198 979553
8199 979921
8200 980491
8201 980593
8202 980599
8203 980731
8204 981601
8205 981817
8206 981823
8207 982151
8208 982343
8209 982843
8210 982847
8211 983153
8212 983443
8213 983447
8214 983449
8215 983533
8216 983581
8217 983813
8218 983819
8219 984341
8220 984353
8221 984359
8222 984923
8223 985451
8224 985493
8225 985499
8226 985993
8227 985997
8228 986857
8229 987089
8230 987101
8231 987211
8232 988219
8233 988321
8234 989581
8235 989921
8236 989981
8237 990001
8238 990287
8239 990289
8240 990293
8241 990331
8242 990599
8243 991031
8244 991037
8245 991043
8246 991079
8247 991621
8248 991931
8249 991961
8250 991981
8251 991987
8252 992023
8253 992863
8254 992867
8255 993287
8256 993827
8257 994249
8258 994321
8259 994339
8260 994583
8261 994711
8262 994717
8263 994723
8264 994871
8265 995347
8266 995381
8267 995387
8268 995593
8269 996169
8270 996173
8271 996211
8272 996631
8273 996637
8274 996649
8275 997103
8276 997109
8277 997111
8278 997123
8279 997651
8280 997811
8281 997813
8282 997897
8283 998029
8284 998653
8285 998861
8286 998957
8287 999331







