NQ 35 K 2 BUDGET 10
2 1 1
3 1 2 1
2 1 2
4 1 3 3 1
3 1 3 2
5 1 4 6 4 1
4 1 4 5 2
3 1 4 4
6 1 5 10 10 5 1
5 1 5 9 7 2
4 1 5 8 4
7 1 6 15 20 15 6 1
6 1 6 14 16 9 2
5 1 6 13 12 4
4 1 6 12 8
8 1 7 21 35 35 21 7 1
7 1 7 20 30 25 11 2
6 1 7 19 25 16 4
5 1 7 18 20 8
9 1 8 28 56 70 56 28 8 1
8 1 8 27 50 55 36 13 2
7 1 8 26 44 41 20 4
6 1 8 25 38 28 8
5 1 8 24 32 16
10 1 9 36 84 126 126 84 36 9 1
9 1 9 35 77 105 91 49 15 2
8 1 9 34 70 85 61 24 4
7 1 9 33 63 66 36 8
6 1 9 32 56 48 16
11 1 10 45 120 210 252 210 120 45 10 1
10 1 10 44 112 182 196 140 64 17 2
9 1 10 43 104 155 146 85 28 4
8 1 10 42 96 129 102 44 8
7 1 10 41 88 104 64 16
6 1 10 40 80 80 32
