NQ 52 K 3 BUDGET 9
2 1 1
3 1 2 1
2 1 2
4 1 3 3 1
3 1 3 2
3 1 3 1
5 1 4 6 4 1
4 1 4 5 2
3 1 4 4
4 1 4 4 1
6 1 5 10 10 5 1
5 1 5 9 7 2
4 1 5 8 4
5 1 5 8 5 1
4 1 5 7 2
7 1 6 15 20 15 6 1
6 1 6 14 16 9 2
5 1 6 13 12 4
4 1 6 12 8
6 1 6 13 13 6 1
5 1 6 12 9 2
5 1 6 11 6 1
8 1 7 21 35 35 21 7 1
7 1 7 20 30 25 11 2
6 1 7 19 25 16 4
5 1 7 18 20 8
7 1 7 19 26 19 7 1
6 1 7 18 21 11 2
5 1 7 17 16 4
6 1 7 17 17 7 1
9 1 8 28 56 70 56 28 8 1
8 1 8 27 50 55 36 13 2
7 1 8 26 44 41 20 4
6 1 8 25 38 28 8
5 1 8 24 32 16
8 1 8 26 45 45 26 8 1
7 1 8 25 39 32 13 2
6 1 8 24 33 20 4
7 1 8 24 34 24 8 1
6 1 8 23 28 13 2
10 1 9 36 84 126 126 84 36 9 1
9 1 9 35 77 105 91 49 15 2
8 1 9 34 70 85 61 24 4
7 1 9 33 63 66 36 8
6 1 9 32 56 48 16
9 1 9 34 71 90 71 34 9 1
8 1 9 33 64 71 45 15 2
7 1 9 32 57 53 24 4
6 1 9 31 50 36 8
8 1 9 32 58 58 32 9 1
7 1 9 31 51 41 15 2
7 1 9 30 45 30 9 1
