3
5
7
11
13
17
19
23
29
31
37
41
43
47
53
59
61
67
71
73
79
83
89
101
103
107
109
113
131
137
139
151
157
163
167
173
179
181
193
197
199
233
239
241
271
277
281
283
311
313
317
353
359
389
401
421
433
439
443
449
461
463
467
491
503
509
523
571
577
601
607
613
617
619
643
647
653
659
661
677
683
761
773
811
823
827
829
857
859
863
881
883
887
941
947
953
971
977
983
1013
1019
1021
1033
1039
1051
1063
1069
1091
1093
1097
1103
1109
1153
1223
1229
1231
1237
1279
1283
1289
1291
1297
1301
1303
1307
1321
1327
1427
1429
1433
1439
1451
1453
1459
1483
1487
1489
1493
1499
1553
1559
1571
1583
1601
1607
1609
1613
1619
1621
1627
1723
1933
1951
1997
1999
2003
2083
2087
2089
2113
2131
2137
2141
2143
2213
2243
2273
2311
2341
2347
2351
2357
2393
2399
2477
2543
2549
2551
2557
2621
2663
2693
2699
2711
2713
2719
2731
2753
2791
2797
2801
2803
2837
2843
2861
2971
3023
3041
3083
3089
3221
3253
3257
3259
3347
3361
3373
3391
3461
3463
3467
3469
3533
3539
3541
3547
3559
3583
3623
3673
3677
3769
3797
3803
3823
3851
3853
3881
3911
3917
3919
3923
3929
3931
3947
4021
4027
4051
4057
4099
4133
4139
4157
4159
4231
4243
4261
4273
4423
4457
4463
4483
4523
4643
4649
4651
4657
4663
4723
4729
4733
4793
4799
4801
4817
4933
4937
4943
4973
5009
5011
5023
5081
5087
5101
5107
5113
5119
5231
5233
5237
5351
5417
5419
5441
5443
5449
5479
5483
5503
5507
5521
5527
5531
5651
5653
5657
5659
5843
5849
5851
5857
5861
5867
5869
5881
6047
6053
6091
6133
6221
6271
6277
6301
6361
6367
6373
6379
6473
6571
6577
6581
6661
6703
6709
6737
6781
6793
6833
6871
6911
6917
6961
6967
6971
6977
6983
7001
7211
7213
7219
7247
7253
7351
7481
7487
7489
7541
7547
7549
7561
7577
7583
7589
7591
7607
7643
7649
7691
7703
7883
7937
7951
8089
8093
8233
8237
8243
8291
8293
8297
8389
8429
8431
8447
8543
8627
8629
8681
8693
8699
8741
8747
8753
8783
8821
8839
8863
8867
8971
9011
9013
9043
9049
9203
9209
9241
9341
9343
9349
9421
9433
9437
9439
9463
9467
9473
9479
9623
9629
9631
9721
9743
9749
9769
9791
9833
9839
9859
9931
10141
10163
10169
10181
10253
10259
10271
10273
10303
10333
10337
10343
10501
10711
10733
10739
10861
10867
10891
11071
11087
11093
11173
11177
11261
11321
11353
11491
11497
11503
11551
11597
11701
11719
11831
11833
11839
11941
12113
12119
12163
12281
12413
12491
12497
12503
12541
12547
12553
12613
12619
12641
12647
12653
12659
12823
12829
12911
12917
12919
12923
13003
13007
13009
13043
13049
13163
13331
13337
13339
13691
13693
13697
13711
13723
13729
13759
13763
13831
13877
13879
13883
13903
13907
13913
13933
14011
14033
14087
14159
14177
14251
14323
14327
14411
14423
14537
14543
14549
14551
14557
14561
14563
14657
14717
14723
14741
14747
14753
14759
14771
14783
14831
14891
14897
14951
14957
15083
15139
15289
15331
15377
15383
15583
15643
15647
15649
15671
15683
16073
16091
16097
16103
16141
16193
16253
16363
16369
16433
16451
16453
16487
16493
16633
16651
16657
16661
16693
16699
16703
16903
16937
16943
17029
17033
17191
17207
17209
17327
17333
17393
17483
17489
17491
17497
17599
17627
17683
17749
17791
17911
17923
17929
17959
17981
17987
17989
18061
18121
18127
18131
18133
18233
18253
18257
18289
18311
18313
18401
18461
18521
18523
18541
18593
18919
19013
19073
19079
19081
19087
19391
19421
19423
19427
19429
19433
19471
19477
19483
19489
19759
19763
19891
20123
20129
20147
20149
20183
20233
20399
20411
20551
20641
20753
20759
20773
20983
21017
21019
21023
21143
21149
21191
21193
21383
21401
21407
21503
21521
21523
21529
21563
21569
21589
21601
21613
21617
21821
21841
21863
22031
22037
22039
22073
22079
22093
22111
22133
22193
22279
22283
22483
22639
22643
22699
22721
22727
22741
22787
22817
23021
23027
23029
23041
23057
23059
23063
23201
23203
23209
23293
23297
23371
23561
23563
23567
23603
23609
23627
23629
23633
23677
23689
23753
23833
23879
23911
23917
24023
24029
24113
24251
24379
24421
24443
24551
24767
24971
24977
24979
25171
25247
25253
25349
25457
25463
25469
25471
25583
25589
25603
25609
25643
25849
25933
25939
25943
26003
26021
26111
26113
26119
26251
26263
26267
26321
26501
26701
26713
26717
26723
26729
26731
26737
26863
26881
26893
27077
27281
27283
27481
27487
27541
27701
27743
27749
27751
27767
27773
27779
27793
27799
27803
27809
27827
27953
28001
28031
28111
28183
28309
28433
28439
28547
28549
28573
28579
28621
28627
28631
28661
28663
28669
28871
29023
29027
29033
29401
29633
29671
29873
29879
29881
30097
30103
30109
30113
30119
30137
30139
30391
30493
30497
30557
30559
30707
30713
30871
31151
31153
31159
31181
31183
31189
31193
31259
31271
31277
31327
31333
31337
31391
31393
31397
31513
31517
31547
31667
31771
32119
32143
32191
32323
32327
32363
32369
32371
32377
32381
32443
32573
32579
32611
32783
32789
32801
32803
32843
32941
32971
32987
32993
32999
33073
33181
33203
33331
33347
33349
33353
33359
33413
33581
33587
33589
33601
33617
33619
33623
33629
33641
33647
33769
33773
33829
33893
33941
34039
34061
34261
34267
34273
34301
34303
34369
34487
34501
34513
34519
34607
34613
34759
34763
34963
35083
35089
35111
35117
35153
35159
35281
35423
35543
35593
35597
35603
35839
35899
36011
36013
36017
36343
36479
36497
36563
36713
36781
36787
36791
36793
36901
36923
36929
36931
36947
37061
37201
37313
37511
37517
37549
37571
37573
37579
37591
38201
38303
38321
38327
38329
38333
38459
38461
38611
38653
38671
38677
38711
38713
38749
38923
39043
39047
39107
39113
39119
39161
39163
39229
39233
39239
39241
39343
39371
39373
39511
39841
39847
39887
40361
40499
40531
40823
40829
40849
40853
41051
41057
41189
41203
41231
41233
41389
41413
41521
41543
41549
41611
41617
41621
41627
41813
41897
41903
41983
42017
42019
42023
42197
42223
42227
42443
42461
42463
42467
42473
42491
42577
42701
42703
42709
42841
42863
43051
43067
43321
43613
43651
43793
43963
43969
43973
43991
43997
44027
44029
44123
44129
44131
44203
44207
44267
44269
44273
44279
44281
44501
44507
44533
44537
44543
44549
44651
44657
44701
44773
44777
45131
45137
45139
45293
45341
45343
45589
45677
45827
45833
46093
46099
46103
46309
46351
46451
46457
46511
46649
46691
46771
46819
46831
47123
47129
47147
47149
47297
47303
47309
47507
47513
47657
47659
47713
47717
47951
47981
48197
48313
48413
48481
48487
48491
48497
48533
48539
48541
48593
48623
48767
48781
48787
48821
48823
48871
49037
49043
49123
49171
49177
49201
49207
49211
49411
49417
49433
49463
49481
49531
49537
49549
49741
49747
49939
49943
50051
50053
50123
50129
50131
50291
50333
50363
50549
50551
50993
51061
51241
51349
51427
51431
51437
51439
51481
51487
51521
51721
51973
51977
52181
52183
52189
52259
52291
52391
52543
52571
52583
52973
53003
53089
53093
53149
53173
53201
53281
53327
53597
53611
53617
53623
53629
53633
53639
53657
53897
53899
54013
54413
54419
54421
54521
54541
54547
54563
54581
54583
54631
55061
55339
55343
55633
55639
55663
55667
55673
55817
55819
55823
55829
55903
56267
56269
56503
56509
56531
56533
56911
56923
56929
56999
57077
57143
57149
57193
57223
57271
57287
57349
57653
57719
57731
57737
57791
57793
58151
58153
58171
58193
58199
58211
58217
58231
58237
58243
58393
58441
58453
59011
59023
59029
59053
59221
59243
59359
59419
59443
59447
59453
59471
59473
59663
59669
59671
60103
60107
60169
60293
60623
60661
60737
60917
60919
60923
61343
61381
61471
61487
61493
61511
61553
61559
61561
61631
61637
61643
61981
61987
61991
62057
62141
62143
62477
62483
62501
62507
62873
62929
62983
62987
62989
63131
63313
63317
63391
63397
63421
63443
63473
63601
63607
63611
63617
63649
63671
63691
63697
63703
63709
63803
63809
63857
63863
64157
64303
64613
64921
64927
65033
65123
65129
65183
65327
65539
65543
65581
65587
65651
65657
65701
65707
65713
65717
65719
65731
65831
65837
65839
65843
65983
66107
66109
66173
66179
66361
66377
66383
66467
66977
67061
67157
67189
67213
67217
67219
67411
67429
67433
67493
67499
67579
67759
67763
67943
67961
67967
68483
68489
68491
68543
68687
68713
68771
68777
68821
68899
68903
68909
69031
69197
69203
69259
69263
69403
69473
69493
69497
69499
69931
70121
70123
70141
70183
70201
70207
70241
70459
70489
70573
70621
70627
70849
70853
70921
70951
70957
70981
70999
71171
71261
71263
71339
71341
71347
71353
71359
71363
71413
71419
71473
71479
71483
71551
71713
71719
71809
71881
71887
71993
71999
72091
72103
72109
72173
72253
72271
72277
72503
72911
72953
72959
72977
73019
73039
73043
73063
73609
73613
74101
74201
74203
74209
74297
74363
74381
74383
74453
74531
74611
74717
74719
74731
74761
74861
74873
74891
74897
74903
75041
75227
75391
75403
75407
75557
75989
75991
75997
76001
76003
76541
76543
77263
77267
77269
77351
77491
77513
77551
77557
77563
77569
77573
77591
77713
77719
77723
77801
77867
78173
78179
78193
78511
78517
78541
78791
78797
78803
78809
78857
78893
79153
79159
79337
79399
79433
79613
79631
79633
79817
79823
79829
79843
79847
79903
79907
79999
80473
80491
80629
80677
80681
80683
80687
80789
80833
80917
80923
80929
80933
81043
81047
81049
81359
81373
81553
81559
81563
81569
81649
81671
81677
81703
81707
81773
82013
82039
82193
82223
82241
82531
82571
82613
82619
82813
83221
83227
83231
83233
83273
83641
84067
84137
84143
84223
84229
84317
84319
84467
84503
84509
84523
84871
85247
85333
85451
85453
85621
85627
85643
85669
85837
85843
85847
85853
85933
86117
86183
86201
86249
86291
86293
86297
86371
86771
86861
87013
87121
87257
87317
87323
87517
87523
87541
87547
87553
87557
87559
87631
87643
87649
87683
87701
87721
87743
87881
87887
87977
88007
88661
88663
88667
88799
88801
88807
88811
88813
88817
88819
89003
89009
89021
89071
89087
89123
89231
89237
89273
89521
89527
89533
89567
89599
89603
89671
89821
89899
90023
90073
90191
90197
90199
90203
90379
90401
90403
90407
90533
90679
90823
91099
91129
91141
91153
91159
91163
91463
91841
91961
91967
91969
92237
92243
92369
92381
92383
92387
92401
92507
92641
92647
92671
92683
92791
92863
92867
92959
93133
93139
93253
93257
93263
93283
93287
93329
93491
93493
93497
93503
93763
93811
93893
93913
93941
93971
93983
94121
94351
94447
94543
94547
94561
94727
94793
94823
94841
94847
94849
94907
95009
95111
95233
95239
95261
95267
95273
95279
95443
95483
95633
95791
95803
96181
96223
96337
96461
96497
96799
96823
96827
96857
97001
97003
97007
97171
97177
97381
97387
97579
97583
97613
97847
97849
97861
97883
98389
98411
98713
98717
98731
98737
98869
98873
98911
98929
99017
99023
99133
99137
99139
99259
99563
99581
99709
99713
99719
99721
99839
99881
99991
100153
100361
100363
100393
100519
100523
100801
101113
101117
101119
101161
101287
101293
101531
101533
101537
101603
101723
101741
101747
101749
101879
102001
102023
102079
102103
102107
102199
102203
102253
102259
102551
102563
102653
103093
103099
103423
103981
103993
103997
104003
104009
104243
104311
104327
104479
104551
104597
104681
104683
104711
104717
104723
104729
104803
104851
105253
105341
105361
105367
105373
105379
105401
105407
105529
105533
105971
105977
105983
106129
106321
106367
106373
106453
106661
106663
106669
106703
106753
106759
106783
106787
106867
106871
106877
106963
107071
107077
107101
107123
107279
107351
107357
107719
108013
108041
108109
108131
108193
108379
108883
108887
108893
108949
108961
108967
108971
109147
109171
109391
109397
109453
109471
109589
109621
109663
109831
109843
109847
109849
110273
110503
110651
110921
110923
110927
110933
110939
110951
111271
111443
111781
111829
111833
111871
111977
112241
112247
112249
112253
112337
112339
112363
112927
113027
113041
113083
113089
113093
113153
113159
113161
113167
113171
113173
113177
113363
113383
113779
113783
114089
114203
114221
114281
114617
114661
114691
115021
115153
115303
115309
115321
115327
115331
115337
115343
115363
115603
115777
115781
115783
115811
115853
115859
115861
115877
115879
115883
115903
116191
116279
116933
116993
117043
117373
117673
117679
117703
117709
117731
117811
117841
117979
117991
118061
118171
118213
118219
118253
118259
118277
118411
118463
118691
118751
118757
118913
118931
119089
119101
119107
119131
119243
119701
119831
119851
119983
120401
120431
120713
120767
120851
120919
120941
120943
120947
121021
121063
121067
121171
121313
121351
121357
121369
121447
121453
121579
121951
121967
122033
122039
122041
122053
122273
122279
122323
122327
122401
122503
122509
122611
122869
122891
122957
122963
123311
123499
123503
123733
123737
123821
123833
124349
124351
124367
124543
124721
124781
124783
124991
125221
125641
125687
125693
125711
125717
125933
125963
126023
126041
126047
126461
126491
126493
126499
126761
126859
127291
127297
127301
127601
127607
127609
127681
127711
127717
127877
128119
128291
128341
128347
128351
128399
128413
128483
128489
128971
128983
128987
128993
129121
129127
129223
129229
129289
129293
129461
129499
129529
129533
129539
129631
129643
129971
130267
130369
130633
130639
130643
130649
130651
130657
130817
130843
131251
131321
131501
131507
131641
131779
131783
131941
131947
132623
132701
132707
132709
132761
132763
132971
133121
133187
133279
133283
133351
133543
133717
133723
134081
134087
134089
134093
134363
134369
134371
134507
134513
134683
134921
134923
135019
135211
135349
135353
135391
135431
135433
135463
135467
135469
135593
135599
135601
135607
135613
135617
135623
135721
135727
135731
136337
136343
136397
136399
136403
136421
136483
136523
136541
136547
136607
136711
136861
136883
136889
136991
136993
136999
137201
137363
137369
137387
137393
137399
138181
138251
138323
138403
138407
138451
138569
138571
138577
138581
138587
138683
138899
139313
139369
139459
139493
139597
139943
140071
140171
140177
140419
140423
140681
140683
140689
140831
140837
140839
141181
141223
141511
141623
141629
141671
141677
141679
141709
141853
141961
142061
142067
142547
142553
142559
142591
142609
143113
143263
143509
143513
143519
143573
143653
143831
143833
144173
144481
145463
145687
145829
145967
145969
145991
146011
146023
146383
146389
146683
147211
147229
147299
147773
147779
148201
148207
148403
148471
148727
148867
148873
148931
148933
148961
149101
149113
149119
149161
149533
149563
149731
149771
150091
150097
150203
150209
150211
150217
150221
150223
150889
150893
151009
151013
151051
151057
151253
151553
151787
151817
151849
151903
151909
152041
152083
152423
152429
152443
152461
152539
152641
152837
152839
152843
152993
153073
153077
153287
153523
153529
153533
154061
154067
154073
154079
154081
154087
154247
154591
154621
154873
154877
154883
155171
155303
155581
155663
155693
155699
155719
155723
155783
155801
155863
156131
157057
157061
157211
157217
157219
157231
157247
157253
157259
157273
157277
157279
157351
157669
157771
157841
157901
157907
158231
158233
158363
158573
158761
159023
159169
159193
159199
159227
159233
159503
159571
159701
159707
159779
159791
159793
159799
159871
160033
160081
160087
160091
160093
160169
160639
160651
160711
160753
160757
160883
161341
161563
161569
161573
161641
161743
161773
161779
161783
161879
161881
161971
161977
161983
162011
162017
162713
162731
162751
163021
163027
163129
163151
163171
163411
163417
163483
163487
163643
163987
163991
163993
163997
164093
164233
164239
164251
164447
164449
164839
165049
165089
165233
165553
165559
165589
165713
165719
165721
166031
166301
166303
166409
166613
166619
166631
166849
166853
166871
167023
167051
167087
167117
167119
167177
167441
167443
167449
167633
167891
168281
169069
169097
169243
169249
169327
169343
169373
169493
169661
169667
169937
169943
170243
170249
170267
170371
170393
170711
170761
170767
170773
170777
170813
171049
171053
171167
171169
171673
171679
172097
172171
172217
172219
172223
172433
172439
172441
172607
172721
172871
172877
172883
173209
173501
173671
173687
173743
173783
174331
174337
174617
174653
174659
174931
175691
175727
175939
175963
175993
176321
176327
176329
176333
176507
176509
176551
176557
176611
176797
176809
176923
176927
176933
177113
177131
177763
177797
177893
178187
178261
178351
178403
178441
178447
178571
178613
178643
178817
178819
178907
178909
178933
178939
179111
179383
179411
179441
179483
179581
179593
179693
179827
179833
179951
179953
179957
180001
180007
180247
180263
180289
180311
180317
180547
180799
181213
181219
181301
181303
181759
181763
181891
181931
182011
182029
182111
182131
182179
182471
182473
182641
182657
182659
182933
183319
183389
183499
183503
183509
183511
183527
183581
183587
183593
183713
183973
183979
184013
184043
184273
184279
184651
184903
184969
185077
185327
185369
185371
185533
185539
185543
185711
185753
185821
185833
186041
186113
186119
186163
186649
186653
186709
186761
186763
187133
187139
187141
187181
187193
187219
187223
187471
187477
188693
188711
188861
188863
188869
189043
189253
189257
189391
189473
189479
189493
189617
189619
189887
190669
190769
190787
190793
190811
190913
191141
191143
191251
191461
191467
191473
191533
191537
191677
191693
191699
191803
191837
192053
192193
192323
192343
192347
192383
192557
192587
192617
192631
192637
193183
193189
193393
193451
193577
193607
193793
193799
193813
193873
193877
193883
194087
194093
194729
194771
194863
194867
194869
195049
195053
195137
195203
195343
195497
195541
195743
195931
195977
196181
196187
196193
196583
196663
196771
196879
197161
197261
197273
197279
197297
197299
197383
197389
197713
197963
197969
197971
198259
198281
198647
198839
198841
198943
198971
198977
199501
199679
199741
199753
199811
199813
199819
199933
200383
200903
200909
200929
201211
201499
201823
201827
201829
201833
201911
201923
202063
202067
202129
202361
202751
202753
202757
203321
203323
203341
203353
203383
203387
203393
203431
203663
203669
204163
204367
204371
204377
204443
204521
204601
204797
204803
205421
205423
205427
205433
205493
205559
205957
205963
205967
206083
206251
206281
206303
206411
206413
206419
206641
206821
206827
206911
206917
206923
206953
207041
207331
207343
207377
207481
207511
207517
207521
207523
207673
207679
208141
208147
208283
208337
208393
208469
208499
208501
208513
208519
208631
209203
209267
209269
209569
209581
209821
210113
210131
210143
210191
210193
210533
210857
211063
211067
211073
211219
211231
211507
211661
211663
211877
211879
211891
212677
212683
213139
213361
213557
213613
213641
213947
213949
213953
214007
214009
214033
214519
214561
214673
215183
215353
215359
215393
215399
215461
215693
215983
216119
216571
216577
216653
216761
216781
216787
216791
216919
217337
217339
217363
217367
217369
217411
217519
217577
217579
217697
218083
218087
218117
218423
218461
218531
218551
218989
218993
219313
219409
219649
219683
219689
219761
219763
219767
219851
220373
220403
220793
220811
220877
220879
220901
220903
220907
220933
220939
221087
221093
221729
221831
222011
222043
222151
222163
222349
222793
222799
223051
223063
223243
223247
223253
223259
223277
223283
223549
223837
223841
223843
223849
224071
224303
224309
224363
224633
224911
224951
225161
225163
225167
225349
225353
225373
225509
225527
225529
225769
225781
226381
226817
226819
226823
226907
226913
227113
227191
227303
227473
227501
227533
227537
227569
227603
227609
227611
227629
227653
228131
228307
228311
228461
228521
228523
228581
228587
228593
228619
228883
228887
228961
229139
229157
229217
229223
229253
229549
229553
229591
229639
229759
229763
229769
229771
229777
229781
229841
229847
229849
229963
229981
230311
230341
230357
230387
230389
230393
230471
230863
231019
231433
231463
231481
231551
231563
231611
231613
231823
231827
231841
231923
232411
232417
232823
233161
233621
233689
233693
233941
234197
234203
234323
234343
234467
234473
234541
234547
234809
234811
234961
234967
234979
235007
235009
235013
235541
235813
236339
236479
236707
236713
236773
236779
236783
236881
236893
236897
237071
237073
237091
237161
237163
237767
237973
237977
238039
238159
238163
238363
238369
238373
238481
238727
238729
238943
238949
239243
239543
239713
239857
240011
240017
240047
240049
240353
241051
241069
241261
241343
241363
241513
241517
241561
241567
241601
241603
241691
241811
241817
241823
241883
241921
241981
242261
242449
242453
242681
243121
243473
243479
243527
243533
243539
243707
243709
244253
244381
244403
244637
244639
244861
244877
244901
245177
245183
245321
245527
245533
245911
245983
245989
246133
246527
246613
246811
246817
246941
246947
247613
247813
248119
248141
248203
248597
248641
248891
248893
249433
249437
249439
249521
249541
249863
250051
250057
250741
250753
250841
250871
250967
250969
251179
251201
251203
251221
251233
251297
251437
251443
251483
251861
251897
251903
251941
251947
251971
252731
252737
252913
252919
252983
253433
253439
253681
253789
253823
253909
253951
254047
254053
254783
254879
255181
255193
255197
255251
255253
255259
255653
255659
255923
256033
256133
256393
257353
257401
257407
257501
257503
258131
258161
258331
258337
258491
258617
258623
258743
258971
258977
258983
259631
259643
259841
260017
260023
260209
260213
260419
260573
260651
260863
260987
261013
261017
261791
262153
262351
262391
262513
262519
262543
262741
262747
263213
263401
263537
263761
263869
263953
263957
264601
264791
264793
264893
264899
265273
265277
265513
265547
266029
266051
266053
266059
266083
266089
266093
266099
266359
266491
266687
266689
267143
267403
267433
267439
267497
267613
267647
267649
267671
267677
267679
267727
267739
267833
267901
267907
267913
267961
268211
268271
268531
268537
268813
268817
268819
268823
268843
268997
268999
269189
269221
269393
269783
270241
270553
270593
271129
271573
272191
272203
272267
272269
272351
272353
272359
272383
272411
272417
272423
272567
272813
273001
273061
273067
273073
273313
273643
273943
274121
274123
274201
274361
274711
274837
274843
274847
274853
274871
274961
275167
275323
275393
275399
275459
275461
275581
275593
275599
275941
276043
276047
276049
276191
276251
276257
276373
276593
276599
276781
276827
276833
276839
277261
277301
277897
277903
278123
278237
278501
278503
278563
278611
278617
278623
278627
278881
278911
278917
279131
279137
279143
279709
280013
280103
280229
280547
280549
280591
280597
280603
280607
280613
280771
280967
281191
281251
281357
281363
281431
281551
281557
281563
281581
281933
282097
282101
282103
282241
282313
282683
282713
282913
282917
283009
283099
283121
283183
283211
283573
283579
283583
283609
283639
283817
283861
284153
284159
284161
284237
284243
284269
284593
284731
284737
284741
284743
284747
284749
284839
285121
285557
285559
285631
285643
285767
285773
285841
286001
286487
286493
286499
286543
286547
286553
286753
287239
287281
287867
287873
288203
288209
288853
289001
289021
289033
289039
289067
289109
289111
289129
289141
289171
289193
289253
289577
289607
289763
289853
289859
290033
290039
290041
290047
290443
290447
290531
290533
290539
290669
290671
290677
291371
291373
291377
291691
291901
292093
292711
292717
294169
294181
294313
294317
294319
294341
294347
294353
294803
294809
294923
294953
295081
295873
295877
295879
295903
295909
296273
296279
296507
296509
296581
296587
296591
296753
296771
296773
296831
296833
296983
296987
297629
297811
297911
297991
298171
298349
298681
298687
298691
298693
298819
299363
299393
300319
300323
300431
300589
300593
300761
300823
301913
301999
302191
302299
302587
302593
302597
302837
302843
303011
303013
303019
303299
303341
303377
303379
303493
303497
303551
303553
303689
303691
303731
304067
304069
304393
304433
304439
304459
304481
304561
304901
304903
304907
304943
304949
304981
305033
305113
305119
305353
305423
305479
305483
305489
305761
305861
305867
305873
306169
306193
306421
306533
306949
306953
307033
307171
307189
307277
307283
307289
307631
307633
307639
307873
308141
308153
308317
308323
308327
308333
308491
308509
308521
308527
308573
308851
308857
308939
309011
309013
309019
309293
309313
309317
309481
309523
309541
310237
310243
310511
310733
310829
310831
311299
311303
312217
312233
312253
312283
312289
312313
312353
312589
312623
312941
312943
313151
313153
313301
313307
313571
313721
313727
313741
313933
313981
313987
313991
313993
313997
314003
314161
314261
314263
314267
314359
314599
314603
315409
315451
315551
315599
315617
316243
316343
316663
316699
316703
317491
317621
317743
317777
317783
317789
317971
317987
318233
318301
318323
318889
318911
318917
318919
319133
319441
319591
319691
319733
319831
320041
320057
320063
320083
320153
320239
320273
320293
320941
321323
321329
321331
321821
321823
321829
321833
321851
322013
322111
322247
322249
322591
322633
322771
322783
322921
323003
323009
323383
323599
323803
324101
324431
324437
324439
324451
324473
324811
324893
324953
324983
325001
325021
325027
325231
325693
325697
325751
325753
325781
325783
325891
325943
326101
326143
326147
326149
326153
326159
326567
326611
326617
326951
327001
327007
327011
327017
327023
327421
327479
327493
327499
327827
327829
327853
327871
328381
328637
328639
328849
328901
328921
329321
329603
329803
330041
330047
330053
330331
330433
330439
330683
330689
330721
330857
330859
331339
331369
331523
331553
331781
331909
332011
332203
332207
332221
332477
333107
333287
333341
333451
333457
333721
333791
333793
334423
334427
334429
334513
334793
334891
334897
334991
334993
335051
335057
335123
335477
335747
336103
336109
336113
336251
336253
336671
336773
337349
337369
337543
337861
337867
337871
337873
337907
338297
338323
338341
338347
338411
338413
338581
338687
339673
339679
339751
339841
340063
340121
340127
340129
340451
340453
340577
340579
340583
340661
340793
340919
340931
340933
340937
340939
341063
341323
341773
341777
341963
342061
342073
342077
342241
342341
342343
342347
342373
342379
342469
342871
343309
343313
343393
343547
343561
343583
343589
343591
344171
344173
344177
344209
344213
344251
344257
344263
344269
344273
344293
344807
344821
344921
344963
344969
345019
345551
345601
345607
346141
346147
346373
346393
346397
346399
346421
346433
346439
346441
346447
346453
346561
346651
346657
346669
346963
347071
347143
347183
347201
347563
347591
347731
347779
347959
347983
347987
347989
347993
348241
348247
348253
348259
348421
348433
348437
348443
348461
348463
348923
349211
349379
349381
349387
349399
349403
349409
349411
349841
349913
349919
349931
349933
349939
349967
350111
350443
350447
350453
350459
350731
350737
350741
350747
350983
350989
351041
351047
351053
351059
351061
351079
351289
351293
351347
351361
351401
351751
351863
352111
352271
352273
352361
352367
352369
352403
352409
352411
352423
352463
352483
352489
352493
352637
353333
353473
353629
354041
354043
354047
354257
354259
354323
354329
354443
354463
354469
354881
354883
354979
354983
355111
355343
355363
355517
355519
355573
356141
356143
356453
356563
356567
356981
357199
357283
357571
357587
357593
357613
357619
357659
357661
357667
357671
357677
357683
357689
357787
357793
358073
358079
358229
358291
358297
358301
358331
358613
358733
358867
358879
358903
358907
358909
359147
359153
359171
359299
359563
360293
360823
360827
360977
360979
361003
361223
361241
361351
361357
361363
361451
362357
362363
362381
362431
362749
362753
362759
362987
363061
363067
363161
363277
363371
363373
363379
363401
363403
363767
363773
363949
364291
364451
364541
364543
364751
364753
364759
365021
365257
365509
365513
365531
365537
365641
366173
366343
366347
366437
366439
366463
366467
366703
367001
367007
367021
367027
367033
367277
367313
367651
367853
367889
368117
368153
368653
368791
368803
369079
369983
370217
370619
371087
371251
371257
371303
371341
371513
371873
371941
372061
372067
372709
372839
372881
373211
373213
373231
373349
373361
373363
374177
374351
374687
374987
374989
374993
375101
375103
375121
375127
375251
375253
375257
375259
375283
375373
375457
375527
375533
375569
375983
376001
376003
376009
376531
376631
376633
376639
376811
376823
376841
376847
376853
377371
377561
377563
377831
378467
378571
378821
378823
378953
379013
379441
379681
379703
379723
379727
379859
379931
379997
379999
380201
380203
380207
380311
380329
380333
381383
381389
381529
381533
381761
382003
382073
382663
382751
383083
383101
383107
383113
383153
383611
383627
383633
383659
383683
383987
384301
384479
384481
384487
384623
384737
385141
385579
385591
385597
386041
386047
386051
386131
386153
386159
386161
386237
386371
386383
386431
386437
386651
387173
387203
387973
387977
388181
388183
388187
388699
388901
388903
388937
389483
389533
389539
389563
389567
389569
390001
390101
390107
390109
390113
390119
390211
390391
390421
390437
390491
390493
390499
390503
391067
391073
391397
391399
391403
391693
391907
392101
392113
392153
392159
392213
392281
392299
392761
392767
392851
392857
393079
393083
393301
393383
393403
393541
393587
393593
393671
393677
393683
395111
395113
395119
395141
395147
395323
395543
396043
396301
396581
396623
396629
396631
396637
396719
397303
397591
397597
397757
397759
397763
398357
398473
398477
398611
398921
399071
399101
399107
399281
399283
399403
399409
399493
399499
399761
400033
400681
400723
401057
401539
401711
401959
402139
402331
402343
402361
402383
402583
402587
402593
402863
402869
403063
403331
403553
403681
403687
403721
404021
404191
404197
404269
404273
404323
404431
404533
404539
404851
404981
404983
405049
405073
405091
405241
405247
405253
405529
405611
405679
405683
405689
405703
405709
405767
405991
405997
406507
406513
406517
406561
406577
406579
406583
407291
407321
407509
407717
407723
407861
408223
408229
408431
408433
408437
408691
408703
409271
409291
409351
409711
409733
409781
409823
409901
410173
410243
410281
410393
410413
410497
411253
411259
411613
411617
411743
411823
411941
411947
412033
412037
412039
412127
412133
412193
412213
412219
412591
412639
413089
413093
413113
413143
413201
413207
413869
414053
414109
414331
414467
414643
414779
415111
415673
415691
415697
415801
415823
415957
415963
415969
416407
416413
416417
416419
416443
416477
417191
417511
417731
417733
417737
417961
418073
418079
418339
418343
418349
418351
418357
418793
418799
418813
418819
419477
419483
419599
419603
419609
419803
420271
420323
420353
420421
420481
420503
420781
420803
420809
420811
420859
421037
421123
421181
421661
421711
421717
421741
422087
422089
422101
422113
422141
422243
422249
422311
422557
422563
422567
422573
422761
422881
422897
422899
423461
423463
423469
423887
423991
424003
424007
424121
424577
424777
424843
424849
424891
424913
425281
425443
425521
425861
426091
426233
426743
426761
426763
427423
427429
427433
427439
427451
427457
427969
427993
427997
428003
428033
428039
428041
428047
428251
429139
429431
429467
429469
429511
429551
429677
429679
429683
429733
429901
429907
429911
429917
429931
429937
429943
429973
430013
430019
430751
430753
430823
430883
431021
431051
431621
431731
431807
431933
432149
432163
432167
432559
432589
433261
433267
433271
433373
433681
434117
434719
434831
434981
435143
435181
435187
435191
435439
435641
435647
435649
435653
435893
436097
436481
436483
436531
436549
436651
436741
436979
437153
437159
437693
438049
438983
438989
439009
439463
439577
439583
440339
440399
440551
440569
440581
440681
440683
441043
441113
441191
441193
441263
442031
442033
442501
442781
442831
442837
442843
442991
442997
443041
443059
443063
443167
443171
443237
443243
443249
443293
443563
443567
443759
443761
443879
443881
444001
444007
444131
444181
444187
444293
444469
444473
444557
444641
444863
444869
444887
444893
445033
445103
445283
446401
446911
447137
447263
447449
447451
447467
448031
448141
448159
448373
448379
448871
448873
448879
448883
449131
449153
449173
449269
449441
449567
449569
449681
449693
449699
450103
450227
450259
450301
450481
450487
450493
450803
450809
450811
450817
450841
450847
450883
450887
450893
450899
450917
451109
451313
451681
451901
451903
451909
452297
452533
452537
452539
452633
453671
453851
454063
454213
454219
454231
454921
455341
455491
455831
456557
456559
456901
457003
457279
457403
457673
457679
457817
458057
458063
458069
458401
458407
458963
458981
458987
458993
459031
459037
459383
460091
460637
460643
460913
460919
460951
460973
460979
460981
460987
460991
461011
461017
461327
461333
461413
461609
462571
462577
462677
463831
463921
464141
464143
464281
464311
464561
464621
464773
464777
464813
464819
464927
464941
464953
465011
465013
465019
465077
465079
465167
465169
465173
465211
466091
466651
466751
467123
467633
467671
467881
467897
467899
467903
468071
468113
468191
468493
468499
468739
468887
468889
468893
468899
469241
470081
470083
470087
470089
470213
470219
470413
470417
470447
470453
470473
470599
471301
471673
471677
471683
471721
472139
472163
472333
472393
472399
472561
472711
473513
473519
473531
473533
473743
473953
474077
474571
474583
474811
475301
475381
475429
475639
475693
475697
475763
475841
475907
476029
476041
476089
476111
476423
476429
476683
476891
477361
477553
477557
478273
478421
478427
478433
478453
478459
478483
478637
478741
478747
478901
478931
478937
478943
479243
480023
480061
480463
480521
480527
480533
480587
480941
481003
481009
481211
482033
482039
482101
482231
482233
482401
482407
482413
482441
482663
483233
483239
483251
483409
483503
483767
483773
483811
483829
484373
484459
484493
485731
485833
486223
486331
486391
486397
486511
486671
486677
486679
486683
486949
487397
487471
487477
487481
487657
487831
488263
488311
488317
488321
488333
488339
488407
488419
488641
488897
489241
489431
489553
489557
489679
489691
489803
489851
489871
489961
490121
490271
490277
490283
490541
490543
490549
490573
490577
490579
490663
490951
490957
490969
490993
491083
491171
491357
491503
491537
491539
492061
492067
492631
492673
493123
493127
493133
493139
493219
493733
493811
493813
493817
494383
494387
494567
494621
494651
494761
495361
495461
495563
495569
495571
495589
495613
495617
495619
495791
495797
495799
495829
496481
496487
496493
496499
496897
496901
497281
497741
498103
498613
498653
498781
498787
498791
499139
499141
499159
499183
499189
499483
499663
499669
499673
499679
499691
499693
500473
500891
500911
500923
501191
501197
501203
501209
501707
501829
502081
502087
502093
502261
502507
503233
503383
503389
503623
504359
504379
504619
504683
504857
504947
504953
504991
505051
505159
505327
505513
505711
505781
506351
506357
506537
506593
506599
507151
507349
507361
507781
508037
508367
508373
508517
508579
508583
508913
508919
508961
508973
509693
509699
509741
509801
509843
510403
510583
510589
510613
510617
510619
511061
511171
511177
511213
511457
511463
512579
512581
512593
512597
512929
513017
513109
513173
513731
513769
514013
514061
514081
514247
514249
514361
514649
514651
514751
514757
515377
515381
515653
515681
515687
515693
515777
515783
515861
516227
516233
516251
516253
516541
516713
516977
516979
517087
517091
517211
517217
517243
517249
517403
517471
517501
517507
517511
517513
517619
517639
517733
517739
518743
518747
518761
518767
518803
518807
518809
518813
519091
519097
519121
519373
519523
519527
519553
519587
520021
520073
520361
520363
520369
520381
520427
520433
520451
520633
520721
521041
521047
521051
521369
521401
521537
521539
521671
521791
521813
521819
521881
521887
522083
522233
522239
522283
522289
522413
522677
522679
522707
522763
522857
522887
522961
523543
523573
523577
524203
524221
524413
524521
524947
524959
524963
524969
524971
524983
525001
525017
525377
525379
525461
525467
525719
525731
526051
526067
526069
526073
526297
526391
526397
526637
526651
526657
526681
526741
526763
526781
527071
527411
527603
527633
528317
528403
528511
528823
528883
529043
529049
529051
529241
529273
529691
529693
529981
529987
530021
530027
530251
530297
530303
530339
530539
530603
530609
530713
530861
531359
531613
531833
532199
532333
532453
532621
533191
533263
534047
534049
534077
534649
534661
535679
536287
536293
536449
536453
536513
536533
536719
536773
536777
536779
536803
536869
537011
537041
538127
538157
538159
538163
538301
538303
538309
538333
538523
538529
538723
538801
538943
539111
539113
539269
539311
539323
539351
540181
540187
540389
540391
540559
540619
540691
540697
540703
541363
541369
541531
541537
541543
541547
541549
541579
541781
542027
542083
542153
542539
542951
543163
543311
543313
543611
543617
543661
543707
543713
543791
543793
543797
544139
544279
544889
545093
545621
546353
546619
547273
547373
547499
547501
547663
548243
548843
548903
548909
549023
549097
549163
549167
549169
549551
549553
549649
549737
549739
549751
550213
550289
550447
550471
550861
550973
551003
551069
551729
551731
551963
552107
552113
552263
552493
552757
552917
553103
553703
553921
554209
554791
554797
554803
554843
554849
556271
556273
556279
556331
556609
556613
556693
556697
556727
556861
556867
557033
557537
557743
557747
557761
557803
558431
558479
558499
558533
558539
558541
560093
560123
560173
560179
560243
560249
560491
560503
560641
560771
560891
560893
560897
561101
561103
561109
561377
562021
562301
562307
562313
562351
562357
562361
562421
562427
562591
562633
562673
562693
562699
562703
562967
562973
562979
563011
563041
563047
563051
563117
563119
563153
564061
564373
564409
564467
564671
564703
564709
564713
564989
565261
565337
565343
565387
565391
565393
565511
565517
565519
565559
565571
565909
565921
566233
566431
566437
566441
566443
566551
566557
566563
566567
566681
566723
567881
567883
568193
568913
568991
569003
569161
569213
569267
569269
569603
569609
569731
569819
569843
569903
570043
570047
570049
570079
570083
570113
570413
570419
570421
570497
570499
570511
570529
570671
570677
570683
570853
570859
571603
571721
571871
571873
571877
572063
572069
572323
572329
572333
572639
572653
572657
572659
572711
573497
573511
573527
573761
573763
573851
573901
574163
574169
574183
574309
574631
574817
574967
574969
575251
575257
575261
575431
575593
575699
575867
575923
575963
576221
576223
576227
576473
576553
576703
576743
576749
576791
577351
577523
577529
577531
577537
577939
577981
578861
579283
579287
579521
579533
579539
579541
579571
579587
579641
579643
579883
580361
580381
580691
580693
580763
580891
581183
581201
581353
581411
581447
581701
582161
582167
582173
582731
582737
582767
582773
583171
583523
583673
584609
584791
585041
585043
585049
585073
585077
585581
585587
585593
585743
585749
585857
585863
585881
585883
585889
585913
585917
585919
586577
586603
586609
586631
586633
586813
586819
586841
586981
587053
587057
587063
587441
587551
587621
587623
587753
587773
587897
587971
587989
588173
588949
588953
589531
589609
589811
589861
589877
590131
590137
590141
592133
592139
592309
592643
592649
592663
593083
593183
593213
593231
593233
593293
593297
593407
593513
593519
593651
594313
594401
594403
594469
594577
594931
594961
595159
595183
595271
595277
595967
596083
596261
596293
597437
597581
597593
597599
597673
597677
597679
598163
598193
598657
598691
598729
599009
599023
600073
600241
600247
600311
600317
600319
600361
600367
600371
600407
600701
600703
600893
600961
600983
601043
601319
601763
602311
602317
602321
603013
603529
603563
603569
603793
603851
603853
603859
603907
603913
603917
603919
603923
604313
604319
604349
604733
604823
604829
604861
604867
605071
605261
605413
605603
605609
605641
606037
606041
606079
606083
606313
606589
606659
606743
606839
606971
607007
607097
607129
607151
607153
607157
607163
607339
608033
608359
608371
608393
608431
608521
608527
608611
608903
609617
609619
609781
610703
610847
610849
610921
611557
611561
612043
612049
612071
612373
612377
612383
612817
612823
613181
613247
613253
613447
613451
613471
613577
614147
614153
614183
614563
614569
614693
614749
614753
614759
615403
615431
615437
615743
615749
615751
615833
616141
616157
616171
616223
616229
616411
616523
616529
616789
616793
616799
616849
617059
617131
617341
617363
617369
617473
617479
617719
617723
618053
618271
618349
618593
619067
619607
619613
619813
619819
619987
620003
620363
620441
620693
620773
620777
620831
620933
621017
621031
621241
621359
621631
621941
622051
622159
622549
622613
622619
622621
622639
623303
623393
623681
623683
623771
623881
624331
624521
624541
624803
624809
624851
625631
625637
625643
625661
625663
626011
626191
626611
626617
626621
626623
626627
626629
626713
627661
627667
627673
627799
628057
628063
628801
629011
629611
629617
629623
631273
631471
631487
631531
631537
631577
631583
631753
631859
631861
631867
631931
631937
631993
632231
632351
632353
632393
632501
632503
632627
632629
632717
633469
633473
633803
634943
635291
635293
635351
635353
635359
635363
635731
635737
635981
635983
635989
636073
636763
637003
637321
637327
637339
637711
637717
637723
637727
637729
637787
638063
638861
639269
639701
639703
640049
640153
640261
640267
640967
640973
641471
641521
641873
642881
643043
643697
643703
644051
644053
644057
644131
644143
644363
644381
644383
644731
645019
645023
645041
645433
645503
645529
646183
646189
646193
646199
646273
646309
646889
646993
647363
647531
647663
647743
647747
647753
648061
648101
648107
648259
648631
648653
649487
649501
649507
649511
649577
649639
649643
649661
649771
649777
649783
649787
649793
649799
649801
649871
649877
649879
650627
650873
651193
651251
651257
651293
651811
651841
651857
651863
651869
651881
652343
652361
652373
652577
652609
652739
652741
652747
652753
652759
652933
652937
652943
653539
653563
653713
654023
654029
654169
654191
654223
654229
654233
654613
654749
654781
654803
654821
654827
655561
655583
655601
655657
656323
656329
656333
656603
656609
656687
656753
657049
657091
657131
657313
657473
657493
657497
657499
657659
657661
658649
658969
659657
659671
659693
660071
660073
660349
660563
660599
660601
660607
660619
660733
660811
660817
661099
661103
661109
661121
661481
661483
661889
661951
662539
662693
662941
662947
662951
662953
662957
663053
663571
663583
663587
663589
663601
663977
663979
663983
664123
664583
664589
664621
664667
664669
664691
664693
664793
664799
665051
665053
665113
665117
665123
665803
666751
666773
667243
667427
667559
667561
667861
667867
668051
668203
668209
668741
668747
668873
668879
669677
669679
669857
669859
669863
669869
670493
670511
670517
671261
671357
671537
671921
671941
671947
671971
672043
672143
672227
672229
672293
672781
672787
672803
673093
673111
673117
673121
673207
673399
673403
673639
673643
673649
673669
674719
674761
674767
674771
674833
674837
675133
675253
675553
675559
675611
675617
675841
675863
675881
675979
676061
676391
676411
676931
676937
676943
676987
676993
677233
677239
677543
677563
678203
678221
678581
678611
678647
678649
678653
678659
678761
678763
678767
678773
678779
679171
679751
679753
680003
680081
680083
680299
680401
680509
680881
681049
681091
681257
681259
681451
681841
681983
682001
682291
682307
682739
683479
683483
683489
683821
683833
683861
683863
683911
684349
684773
684793
684799
685103
685109
685519
685541
685547
686011
686029
686041
686993
687023
687163
687317
687433
687437
687443
687461
688031
688073
688451
688453
689081
689093
689267
689467
689807
689873
689879
689893
689921
689959
689963
690511
691151
691153
691193
691199
691349
691723
691727
691729
691841
691843
691921
692149
692401
692407
692413
693169
693691
693697
693701
693743
693829
693881
694081
694087
694091
694277
694361
694367
694373
694391
694571
694789
694999
695003
695021
695089
695327
695329
695371
695377
695411
695603
695663
696323
696827
696833
696853
697271
697399
697523
697603
697691
697693
698021
698053
698263
698543
699541
699767
700081
700087
700103
700109
700129
700363
700367
701417
701419
701453
701509
701531
701629
702139
702349
702353
702439
703141
703711
704027
704029
704551
704569
704581
704783
704801
704807
704861
704863
704867
705013
705017
705169
706003
706009
706159
706301
706313
706751
706753
706757
706763
707953
707957
707983
708017
708023
708049
708053
708139
708163
708223
708229
708287
708293
708347
708353
708359
708361
708497
708569
708601
709153
709157
709283
709453
709609
709693
709853
709913
710027
710531
710573
710609
710623
710627
710851
710867
710873
710911
710917
710933
711023
711713
711731
711751
711757
712303
712321
712429
712433
712499
712511
712913
713149
713191
713311
713351
713353
713357
713411
713417
714841
714853
715159
715193
715441
715457
715877
715879
715969
715973
716003
716413
717533
717539
717593
718381
718387
718391
718433
718463
719189
719683
719689
719717
719723
719753
720301
720413
720571
720619
720901
721111
721117
721141
721163
721169
721181
721229
721321
721337
721621
722321
723103
723109
723113
723119
723167
723169
723413
723563
723859
723977
724007
724313
724517
724519
724601
724631
724643
724733
724751
724781
724783
725119
725161
725323
725327
726107
726109
726623
726629
726701
726707
726811
727271
727273
727501
727733
727781
728731
728747
728929
728971
729041
729373
729571
729577
730573
730591
730637
730823
730913
731191
731251
731257
731261
731267
731509
731603
731741
731923
732211
732217
732233
732239
732293
732299
732971
733289
733393
733399
733871
733883
733939
734207
734273
734431
734477
734479
734813
734819
735391
735443
735739
736097
736277
736279
736409
736471
737041
737047
737053
737059
737131
737501
737507
737509
737533
737537
737573
737593
738403
739121
739201
739399
739513
739637
739861
740329
740603
740713
740717
741011
741079
741127
741131
741137
741473
741479
741493
741683
742213
742219
742243
742541
743137
743143
743161
743167
743173
743177
743179
743837
743851
744253
744397
744409
744833
745751
745753
745757
746903
747451
747457
747463
747871
748211
748217
748219
748829
748831
749171
749351
749431
749453
749471
749927
749941
750121
750133
750137
750721
750791
750797
750803
750809
751141
751147
751151
751193
751199
751307
751321
751327
751631
751633
751637
751643
751913
752203
752207
752291
752293
752299
752303
752707
752821
752833
752933
753589
753619
753679
753691
753721
754123
754217
754223
754289
754301
754343
754421
754427
754979
754981
754993
755791
755813
756293
757331
758203
758237
758243
758273
758279
758453
758521
758713
758731
758743
758971
759571
759641
760187
760237
760241
760301
760553
761009
761213
761251
761263
761443
761713
762241
762257
762401
762407
762409
762901
762917
762919
763043
763601
763621
763627
763901
763907
763913
764021
764341
764903
764993
764999
765047
765143
765229
765293
765893
765899
766111
766373
766457
767551
767761
768193
768197
768199
768203
768263
768347
768353
768359
768373
768377
769261
769469
769591
769597
769739
770047
770053
770057
770059
770537
770591
770597
770873
770929
771019
771437
771439
771503
771509
771629
772381
772393
772663
772669
773027
773029
773609
773611
773867
773869
774001
774863
775091
775097
775163
775939
776177
776179
776183
776471
776987
777173
777191
777433
777437
778051
778081
778111
778123
778241
778247
778541
778769
779621
779879
780049
780383
780389
780401
780721
780853
780889
781427
781433
781513
781519
781523
781819
781969
781973
782003
782009
782011
782141
782147
782149
782389
782393
782501
782711
783011
783023
783361
783571
783737
783743
783749
783767
783781
783787
783791
783793
783799
783803
784411
784457
784463
784961
785221
785227
785333
785363
785579
786061
786707
786983
787333
787337
787541
787547
787771
787777
787783
787811
787817
787823
788027
788033
788093
788357
788363
788369
788387
788393
788399
788563
788569
788869
788873
789001
789031
789391
789967
789979
790523
790529
790651
790883
791569
791573
791851
791899
791929
791933
792041
792301
792307
792563
792641
792643
792647
792691
792697
792703
792709
792713
792991
793721
793789
793981
794141
794153
794483
795007
795101
795103
795653
795659
795661
795667
795799
795803
796001
796193
796391
796571
796781
796801
796853
796871
796877
796937
797053
797057
797063
797561
797567
797569
797581
797593
797747
798071
798101
798143
798223
798227
798521
798527
798533
799363
799369
799637
799741
799999
800483
800521
800537
800539
800663
800669
800711
800731
800743
801011
801421
801571
801817
802163
802181
802183
802189
802793
802799
802831
803273
803449
803483
803501
803611
804077
804283
804341
804761
804767
805033
805037
805111
805271
805331
805333
805339
805507
805811
805877
806017
806023
806027
806033
806383
806389
807203
807221
807491
807493
807511
807943
807949
808363
808369
808373
808421
808441
808603
808793
809401
809407
809453
809747
809749
809801
809803
809843
810391
810587
811277
811523
811651
812363
812701
813091
813097
813209
813221
813227
813287
813301
814019
814063
814067
814069
814213
814403
814603
814609
814633
814943
814949
815671
816133
816227
816589
816593
816841
816847
816859
816887
816919
817051
817711
817723
817727
817787
817793
817891
817897
818341
818347
818353
818359
818581
819031
819037
819253
819409
819491
819493
819499
819503
819509
820243
820247
820333
820681
821101
821153
821467
821479
822013
822163
822167
822169
822233
822383
822389
822391
822589
822611
822743
822763
822823
822893
823003
823357
823621
823723
823727
823729
823843
824671
825049
825347
825353
825553
825701
826171
826393
826673
826811
828011
828013
828071
828131
828133
828811
828833
828901
829723
829727
829729
829733
830329
830341
830363
830449
830743
831443
831619
831653
831659
831661
831683
831713
831913
831917
832159
832373
832379
832493
832499
832631
832633
832639
832687
832693
832721
832889
833201
833713
833717
833719
833843
833933
834151
834287
834643
834811
834961
835327
835663
836159
836161
836191
836701
836707
836713
836881
837079
837377
837379
837677
837679
838157
838171
838393
838399
838403
838463
838613
838633
838777
838781
838951
838993
839441
839473
839621
839653
840767
840841
840863
840943
840991
841021
841277
841283
841289
841931
841933
842081
842087
842089
842113
842167
842173
842341
842353
842419
842423
842483
842489
842521
843137
843383
843781
843797
844141
844157
844163
844201
844457
844463
844469
844511
844513
844517
844523
844621
844643
845021
845027
845983
845987
845989
846361
846403
846407
846871
846877
846953
846983
847073
847079
847283
847969
847993
847997
848599
848633
848651
848807
848849
848851
848857
849223
849773
850063
850247
850253
850273
850403
851303
851363
851423
851843
852151
852199
852623
852833
852851
852857
852893
853903
854099
854353
854423
855311
855317
855431
855721
855727
855731
855733
855737
855739
856487
856549
856553
856571
856721
856813
856949
857029
857083
857581
857741
857743
857749
857963
857981
858311
858317
858713
859057
859277
859279
859681
859801
860383
860417
860423
860927
860929
860941
860971
861563
861617
861901
861907
861941
861947
862033
862159
862181
862187
862231
862261
862493
862573
862651
862919
862921
863771
863803
863899
863921
864049
864053
864121
864223
864323
864587
864631
865003
865091
865261
865343
865349
865639
865643
865771
866053
866057
866087
866093
866123
867263
867413
867511
867623
868123
868271
868277
868493
868883
868943
869321
869599
870173
870433
870437
870811
870931
871649
871681
871687
872161
872177
872237
872243
872383
872387
872393
872441
872611
872623
873421
873427
873541
873671
874103
874109
874121
874127
874271
874277
875263
875267
875269
875333
875339
875341
875447
875513
875519
875521
875627
875629
875683
875689
875761
875783
876019
876023
876203
876331
876373
876653
876791
876797
876853
877117
877399
877403
877871
877873
877879
877883
878041
878201
878663
878681
878837
878873
878957
879271
879287
879691
879709
879713
880573
880703
880709
880727
880729
880823
881147
881173
882031
882251
882253
882391
883111
883117
883121
883237
883241
883247
883249
883343
883433
883699
883703
883783
884311
884371
884831
885553
885823
885889
885893
885961
885967
885971
885977
886021
886471
886541
886547
886549
886981
886987
886993
886999
887401
887659
887671
887923
888161
888163
888431
888781
889001
889043
889351
889367
889373
889879
889909
890161
890863
890867
891523
891661
891679
891827
891829
891893
891899
892271
892783
893119
893363
893383
894139
894211
894281
894287
894431
894451
894793
895247
895253
895313
895319
895361
895651
895669
895673
895801
895903
896453
897059
897271
897581
898213
898243
898481
898483
898673
900161
900293
900331
900587
900589
900593
900673
900763
900937
901013
901211
901213
902599
902771
902777
902987
903407
903451
903457
904103
904121
904517
904523
904637
904643
904663
904667
904681
904697
904781
904793
904933
905209
905213
905693
906013
906233
906331
906541
906751
906757
906931
907301
907471
907733
907813
908381
908491
908543
908549
908821
908861
908863
908881
909091
909301
909319
909331
909343
909541
909547
909911
909917
910109
910141
910631
911161
911167
911171
911173
911179
911233
911293
911363
912467
912469
912491
912497
912853
912859
912871
912979
914581
914611
915203
915223
916061
916187
916189
916471
916477
916939
917053
917239
917243
917633
917689
917771
917773
917831
917837
917843
917849
918143
918149
918161
918443
919021
919033
919253
919421
919423
919427
919951
920279
920281
920411
920443
920791
921199
921203
921647
921751
922073
922079
922081
922087
922291
922333
922513
922517
923179
923183
923203
923581
923603
924041
924043
924101
924361
924403
924421
924719
924731
924773
924779
924829
925081
925087
925121
925193
925391
925501
925517
925523
925621
926113
926131
926183
926671
928157
928159
928163
928273
928427
928429
928463
928469
928471
928621
928651
928819
929059
929063
929069
929087
929629
929641
929647
930287
930289
930571
931319
931577
931751
931757
931877
931883
932003
932153
932209
932221
932227
932231
932567
932597
932683
933067
933073
933269
933407
933811
933817
933851
933853
934069
934127
934891
934897
934909
934981
935201
935381
935653
935719
936181
936739
936779
936919
936941
937231
937243
937681
938033
938053
938057
938059
938881
938983
938989
939011
939361
939377
939769
939773
939793
940001
940003
940301
940351
940531
940547
940549
940553
941027
941209
941267
941471
941491
941513
941519
941671
942017
942317
943081
943303
943307
943373
943603
943783
943801
943841
943843
943849
944521
944527
944533
944563
944731
945391
945397
945481
945887
945941
945943
945949
946093
946111
946489
946511
946513
946877
947383
947389
947411
947413
947417
947423
947743
947747
947753
948053
948091
948449
948551
948557
949021
949037
949043
949427
949441
949453
949633
949651
949961
949967
949973
949979
950483
950501
950507
950531
950699
950839
951061
951109
951649
952669
952691
952877
952883
952981
953501
953503
953507
953543
953987
954263
954269
954871
954979
955319
955337
955483
955711
955729
956399
956401
956953
957433
957773
957959
958043
958049
958051
958057
958063
958361
958367
958369
958973
959873
959879
960139
960991
961073
961091
961097
961099
961141
961159
961531
961549
961637
961643
961661
961663
961691
961813
961817
961993
962011
962461
962627
962681
962683
963241
963343
963349
963499
963691
963709
963901
964519
964883
964889
965201
965411
965623
965777
965779
967511
967753
967877
968021
968027
968147
968273
968333
968503
968521
968911
968917
969259
969461
969467
969923
969929
970063
970069
970091
970261
970267
970817
970861
970867
970969
971053
971153
971281
971389
971569
971981
972031
972121
972133
972137
972347
972353
972613
972901
973073
973411
974161
974167
974179
974539
974891
974971
974977
974983
974989
975281
975287
975523
976013
976303
976307
976309
976457
976643
978053
978071
978073
978077
978079
978287
979343
979373
979379
979543
979549
979553
979921
980491
980593
980599
980731
981601
981817
981823
982151
982343
982843
982847
983153
983443
983447
983449
983533
983581
983813
983819
984341
984353
984359
984923
985451
985493
985499
985993
985997
986857
987089
987101
987211
988219
988321
989581
989921
989981
990001
990287
990289
990293
990331
990599
991031
991037
991043
991079
991621
991931
991961
991981
991987
992023
992863
992867
993287
993827
994249
994321
994339
994583
994711
994717
994723
994871
995347
995381
995387
995593
996169
996173
996211
996631
996637
996649
997103
997109
997111
997123
997651
997811
997813
997897
998029
998653
998861
998957
999331
