NQ 151 K 22 BUDGET 8
2 1 1
3 1 2 1
2 1 2
4 1 3 3 1
3 1 3 2
3 1 3 1
5 1 4 6 4 1
4 1 4 5 2
3 1 4 4
4 1 4 4 1
3 1 4 3
4 1 4 3 1
6 1 5 10 10 5 1
5 1 5 9 7 2
4 1 5 8 4
5 1 5 8 5 1
4 1 5 7 2
4 1 5 7 3
5 1 5 7 4 1
4 1 5 6 2
4 1 5 6 1
5 1 5 6 4 1
7 1 6 15 20 15 6 1
6 1 6 14 16 9 2
5 1 6 13 12 4
4 1 6 12 8
6 1 6 13 13 6 1
5 1 6 12 9 2
5 1 6 11 6 1
5 1 6 12 10 3
4 1 6 11 6
6 1 6 12 11 5 1
5 1 6 11 7 2
5 1 6 11 8 2
5 1 6 11 7 1
6 1 6 11 10 5 1
4 1 6 10 4
5 1 6 10 7 2
5 1 6 10 5 1
5 1 6 10 6 1
4 1 6 10 5
6 1 6 10 10 5 1
8 1 7 21 35 35 21 7 1
7 1 7 20 30 25 11 2
6 1 7 19 25 16 4
5 1 7 18 20 8
7 1 7 19 26 19 7 1
6 1 7 18 21 11 2
5 1 7 17 16 4
6 1 7 17 17 7 1
6 1 7 18 22 13 3
5 1 7 17 17 6
5 1 7 16 13 3
7 1 7 18 23 16 6 1
6 1 7 17 18 9 2
6 1 7 16 14 6 1
6 1 7 17 19 10 2
5 1 7 16 14 4
6 1 7 17 18 8 1
5 1 7 16 13 2
7 1 7 17 21 15 6 1
6 1 7 16 16 9 2
6 1 7 16 17 9 2
6 1 7 16 15 6 1
6 1 7 16 16 7 1
5 1 7 16 15 5
7 1 7 16 20 15 6 1
5 1 7 15 11 3
5 1 7 15 11 2
5 1 7 15 10 1
6 1 7 15 16 9 2
6 1 7 15 13 6 1
6 1 7 15 14 6 1
6 1 7 15 12 5 1
5 1 7 15 12 3
5 1 7 15 11 1
5 1 7 15 13 4
7 1 7 15 20 15 6 1
9 1 8 28 56 70 56 28 8 1
8 1 8 27 50 55 36 13 2
7 1 8 26 44 41 20 4
6 1 8 25 38 28 8
5 1 8 24 32 16
8 1 8 26 45 45 26 8 1
7 1 8 25 39 32 13 2
6 1 8 24 33 20 4
7 1 8 24 34 24 8 1
6 1 8 23 28 13 2
7 1 8 25 40 35 16 3
6 1 8 24 34 23 6
5 1 8 23 28 12
6 1 8 23 29 16 3
5 1 8 22 24 9
8 1 8 25 41 39 22 7 1
7 1 8 24 35 27 11 2
6 1 8 23 29 16 4
7 1 8 23 30 20 7 1
6 1 8 22 25 13 3
7 1 8 22 26 17 6 1
7 1 8 24 36 29 12 2
6 1 8 23 30 18 4
6 1 8 22 25 12 2
7 1 8 24 35 26 9 1
6 1 8 23 29 15 2
6 1 8 22 24 9 1
8 1 8 24 38 36 21 7 1
7 1 8 23 32 25 11 2
7 1 8 22 27 19 7 1
5 1 8 22 24 8
7 1 8 23 33 26 11 2
6 1 8 22 27 16 4
7 1 8 23 31 21 7 1
6 1 8 22 25 11 2
7 1 8 23 32 23 8 1
6 1 8 22 26 13 2
6 1 8 23 31 20 5
5 1 8 22 25 10
8 1 8 23 36 35 21 7 1
7 1 8 22 30 25 11 2
6 1 8 22 26 14 3
6 1 8 22 25 11 1
7 1 8 22 31 25 11 2
7 1 8 22 28 19 7 1
7 1 8 22 29 20 7 1
7 1 8 22 27 17 6 1
6 1 8 22 27 15 3
6 1 8 22 26 12 1
6 1 8 22 28 17 4
8 1 8 22 35 35 21 7 1
5 1 8 21 20 5
6 1 8 21 23 13 3
6 1 8 21 22 9 1
6 1 8 21 21 8 1
6 1 8 21 22 11 2
6 1 8 21 22 10 2
5 1 8 21 21 6
6 1 8 21 23 11 2
5 1 8 21 21 7
5 1 8 21 22 8
6 1 8 21 21 7 1
7 1 8 21 30 25 11 2
7 1 8 21 26 19 7 1
7 1 8 21 27 19 7 1
7 1 8 21 24 16 6 1
6 1 8 21 24 13 3
7 1 8 21 26 17 6 1
6 1 8 21 22 8 1
6 1 8 21 24 12 2
5 1 8 21 23 9
6 1 8 21 26 16 4
8 1 8 21 35 35 21 7 1
