NQ 1205 K 19 BUDGET 11
2 1 1
3 1 2 1
2 1 2
4 1 3 3 1
3 1 3 2
3 1 3 1
5 1 4 6 4 1
4 1 4 5 2
3 1 4 4
4 1 4 4 1
3 1 4 3
4 1 4 3 1
6 1 5 10 10 5 1
5 1 5 9 7 2
4 1 5 8 4
5 1 5 8 5 1
4 1 5 7 2
4 1 5 7 3
5 1 5 7 4 1
4 1 5 6 2
4 1 5 6 1
5 1 5 6 4 1
7 1 6 15 20 15 6 1
6 1 6 14 16 9 2
5 1 6 13 12 4
4 1 6 12 8
6 1 6 13 13 6 1
5 1 6 12 9 2
5 1 6 11 6 1
5 1 6 12 10 3
4 1 6 11 6
6 1 6 12 11 5 1
5 1 6 11 7 2
5 1 6 11 8 2
5 1 6 11 7 1
6 1 6 11 10 5 1
4 1 6 10 4
5 1 6 10 7 2
5 1 6 10 5 1
5 1 6 10 6 1
4 1 6 10 5
6 1 6 10 10 5 1
8 1 7 21 35 35 21 7 1
7 1 7 20 30 25 11 2
6 1 7 19 25 16 4
5 1 7 18 20 8
7 1 7 19 26 19 7 1
6 1 7 18 21 11 2
5 1 7 17 16 4
6 1 7 17 17 7 1
6 1 7 18 22 13 3
5 1 7 17 17 6
5 1 7 16 13 3
7 1 7 18 23 16 6 1
6 1 7 17 18 9 2
6 1 7 16 14 6 1
6 1 7 17 19 10 2
5 1 7 16 14 4
6 1 7 17 18 8 1
5 1 7 16 13 2
7 1 7 17 21 15 6 1
6 1 7 16 16 9 2
6 1 7 16 17 9 2
6 1 7 16 15 6 1
6 1 7 16 16 7 1
5 1 7 16 15 5
7 1 7 16 20 15 6 1
5 1 7 15 11 3
5 1 7 15 11 2
5 1 7 15 10 1
6 1 7 15 16 9 2
6 1 7 15 13 6 1
6 1 7 15 14 6 1
6 1 7 15 12 5 1
5 1 7 15 12 3
5 1 7 15 11 1
5 1 7 15 13 4
7 1 7 15 20 15 6 1
9 1 8 28 56 70 56 28 8 1
8 1 8 27 50 55 36 13 2
7 1 8 26 44 41 20 4
6 1 8 25 38 28 8
5 1 8 24 32 16
8 1 8 26 45 45 26 8 1
7 1 8 25 39 32 13 2
6 1 8 24 33 20 4
7 1 8 24 34 24 8 1
6 1 8 23 28 13 2
7 1 8 25 40 35 16 3
6 1 8 24 34 23 6
5 1 8 23 28 12
6 1 8 23 29 16 3
5 1 8 22 24 9
8 1 8 25 41 39 22 7 1
7 1 8 24 35 27 11 2
6 1 8 23 29 16 4
7 1 8 23 30 20 7 1
6 1 8 22 25 13 3
7 1 8 22 26 17 6 1
7 1 8 24 36 29 12 2
6 1 8 23 30 18 4
6 1 8 22 25 12 2
7 1 8 24 35 26 9 1
6 1 8 23 29 15 2
6 1 8 22 24 9 1
8 1 8 24 38 36 21 7 1
7 1 8 23 32 25 11 2
7 1 8 22 27 19 7 1
5 1 8 22 24 8
7 1 8 23 33 26 11 2
6 1 8 22 27 16 4
7 1 8 23 31 21 7 1
6 1 8 22 25 11 2
7 1 8 23 32 23 8 1
6 1 8 22 26 13 2
6 1 8 23 31 20 5
5 1 8 22 25 10
8 1 8 23 36 35 21 7 1
7 1 8 22 30 25 11 2
6 1 8 22 26 14 3
6 1 8 22 25 11 1
7 1 8 22 31 25 11 2
7 1 8 22 28 19 7 1
7 1 8 22 29 20 7 1
7 1 8 22 27 17 6 1
6 1 8 22 27 15 3
6 1 8 22 26 12 1
6 1 8 22 28 17 4
8 1 8 22 35 35 21 7 1
5 1 8 21 20 5
6 1 8 21 23 13 3
6 1 8 21 22 9 1
6 1 8 21 21 8 1
6 1 8 21 22 11 2
6 1 8 21 22 10 2
5 1 8 21 21 6
6 1 8 21 23 11 2
5 1 8 21 21 7
5 1 8 21 22 8
6 1 8 21 21 7 1
7 1 8 21 30 25 11 2
7 1 8 21 26 19 7 1
7 1 8 21 27 19 7 1
7 1 8 21 24 16 6 1
6 1 8 21 24 13 3
7 1 8 21 26 17 6 1
6 1 8 21 22 8 1
6 1 8 21 24 12 2
5 1 8 21 23 9
6 1 8 21 26 16 4
8 1 8 21 35 35 21 7 1
10 1 9 36 84 126 126 84 36 9 1
9 1 9 35 77 105 91 49 15 2
8 1 9 34 70 85 61 24 4
7 1 9 33 63 66 36 8
6 1 9 32 56 48 16
9 1 9 34 71 90 71 34 9 1
8 1 9 33 64 71 45 15 2
7 1 9 32 57 53 24 4
6 1 9 31 50 36 8
8 1 9 32 58 58 32 9 1
7 1 9 31 51 41 15 2
7 1 9 30 45 30 9 1
8 1 9 33 65 75 51 19 3
7 1 9 32 58 57 29 6
6 1 9 31 51 40 12
7 1 9 31 52 45 19 3
6 1 9 30 45 29 6
6 1 9 30 46 33 9
9 1 9 33 66 80 61 29 8 1
8 1 9 32 59 62 38 13 2
7 1 9 31 52 45 20 4
8 1 9 31 53 50 27 8 1
7 1 9 30 46 34 13 2
7 1 9 30 47 38 16 3
8 1 9 30 48 43 23 7 1
8 1 9 32 60 65 41 14 2
7 1 9 31 53 48 22 4
6 1 9 30 46 32 8
7 1 9 30 47 37 14 2
6 1 9 29 41 26 6
7 1 9 29 42 31 12 2
8 1 9 32 59 61 35 10 1
7 1 9 31 52 44 17 2
6 1 9 30 45 28 4
7 1 9 30 46 33 10 1
6 1 9 29 40 22 3
7 1 9 29 41 27 9 1
9 1 9 32 62 74 57 28 8 1
8 1 9 31 55 57 36 13 2
7 1 9 30 48 41 20 4
8 1 9 30 49 46 26 8 1
7 1 9 29 43 35 16 3
8 1 9 29 44 40 22 7 1
6 1 9 29 40 22 4
8 1 9 31 56 59 37 13 2
7 1 9 30 49 43 20 4
7 1 9 29 43 33 13 2
8 1 9 31 54 52 28 8 1
7 1 9 30 47 36 13 2
7 1 9 29 41 26 8 1
8 1 9 31 55 55 31 9 1
7 1 9 30 48 39 15 2
7 1 9 29 42 29 9 1
7 1 9 31 54 51 25 5
6 1 9 30 47 35 10
6 1 9 29 41 25 5
9 1 9 31 59 71 56 28 8 1
8 1 9 30 52 55 36 13 2
8 1 9 29 46 45 26 8 1
7 1 9 30 48 40 17 3
6 1 9 29 41 25 6
6 1 9 29 41 24 4
7 1 9 30 47 36 12 1
6 1 9 29 40 21 2
8 1 9 30 53 56 36 13 2
7 1 9 29 46 41 20 4
8 1 9 30 50 47 26 8 1
7 1 9 29 43 32 13 2
8 1 9 30 51 49 27 8 1
7 1 9 29 44 34 13 2
8 1 9 30 49 44 23 7 1
7 1 9 29 42 29 11 2
7 1 9 30 49 42 18 3
6 1 9 29 42 27 6
7 1 9 30 48 38 13 1
6 1 9 29 41 23 2
7 1 9 30 50 45 21 4
6 1 9 29 43 30 8
9 1 9 30 57 70 56 28 8 1
8 1 9 29 50 55 36 13 2
7 1 9 29 44 36 16 3
7 1 9 29 43 31 10 1
7 1 9 29 43 32 12 2
6 1 9 29 42 28 7
7 1 9 29 42 28 8 1
8 1 9 29 51 55 36 13 2
8 1 9 29 47 45 26 8 1
8 1 9 29 48 46 26 8 1
8 1 9 29 45 40 22 7 1
7 1 9 29 45 37 16 3
8 1 9 29 47 43 23 7 1
7 1 9 29 43 30 9 1
7 1 9 29 45 36 14 2
6 1 9 29 44 32 9
7 1 9 29 47 42 20 4
9 1 9 29 56 70 56 28 8 1
6 1 9 28 36 19 4
6 1 9 28 36 18 2
6 1 9 28 36 18 3
6 1 9 28 35 15 1
7 1 9 28 41 35 16 3
7 1 9 28 39 27 9 1
7 1 9 28 38 26 9 1
7 1 9 28 39 30 12 2
7 1 9 28 39 29 12 2
6 1 9 28 37 20 4
7 1 9 28 39 26 8 1
6 1 9 28 37 21 4
7 1 9 28 38 25 8 1
6 1 9 28 38 23 5
7 1 9 28 37 23 7 1
6 1 9 28 37 22 5
7 1 9 28 37 22 7 1
6 1 9 28 37 21 5
7 1 9 28 39 28 11 2
6 1 9 28 38 22 4
6 1 9 28 36 17 1
6 1 9 28 37 19 2
7 1 9 28 41 32 13 2
6 1 9 28 38 24 6
6 1 9 28 39 25 6
6 1 9 28 37 20 3
6 1 9 28 36 17 2
7 1 9 28 38 24 8 1
8 1 9 28 50 55 36 13 2
8 1 9 28 45 45 26 8 1
8 1 9 28 46 45 26 8 1
8 1 9 28 42 39 22 7 1
7 1 9 28 42 35 16 3
8 1 9 28 44 40 22 7 1
8 1 9 28 41 37 21 7 1
7 1 9 28 40 30 12 2
7 1 9 28 39 26 9 1
7 1 9 28 41 31 12 2
7 1 9 28 38 23 7 1
7 1 9 28 40 28 9 1
6 1 9 28 39 24 5
7 1 9 28 42 33 13 2
6 1 9 28 38 20 1
6 1 9 28 41 29 8
7 1 9 28 45 41 20 4
9 1 9 28 56 70 56 28 8 1
11 1 10 45 120 210 252 210 120 45 10 1
10 1 10 44 112 182 196 140 64 17 2
9 1 10 43 104 155 146 85 28 4
8 1 10 42 96 129 102 44 8
7 1 10 41 88 104 64 16
6 1 10 40 80 80 32
10 1 10 43 105 161 161 105 43 10 1
9 1 10 42 97 135 116 60 17 2
8 1 10 41 89 110 77 28 4
7 1 10 40 81 86 44 8
9 1 10 41 90 116 90 41 10 1
8 1 10 40 82 92 56 17 2
7 1 10 39 74 69 28 4
8 1 10 39 75 75 39 10 1
9 1 10 42 98 140 126 70 22 3
8 1 10 41 90 115 86 35 6
7 1 10 40 82 91 52 12
6 1 10 39 74 68 24
8 1 10 40 83 97 64 22 3
7 1 10 39 75 74 35 6
7 1 10 38 68 58 22 3
7 1 10 39 76 79 42 9
6 1 10 38 68 57 18
10 1 10 42 99 146 141 90 37 9 1
9 1 10 41 91 121 100 51 15 2
8 1 10 40 83 97 65 24 4
7 1 10 39 75 74 36 8
9 1 10 40 84 103 77 35 9 1
8 1 10 39 76 80 47 15 2
8 1 10 38 69 64 33 9 1
8 1 10 39 77 85 54 19 3
7 1 10 38 69 63 29 6
9 1 10 39 78 91 66 30 8 1
8 1 10 38 70 69 40 13 2
9 1 10 41 92 125 106 55 16 2
8 1 10 40 84 101 70 26 4
7 1 10 39 76 78 40 8
8 1 10 39 77 84 51 16 2
7 1 10 38 69 62 26 4
7 1 10 38 70 67 32 6
8 1 10 38 71 73 43 14 2
7 1 10 37 64 56 24 4
9 1 10 41 91 120 96 45 11 1
8 1 10 40 83 96 61 19 2
7 1 10 39 75 73 32 4
8 1 10 39 76 79 43 11 1
7 1 10 38 68 57 19 2
7 1 10 38 69 62 25 3
8 1 10 38 70 68 36 10 1
7 1 10 37 63 51 18 2
7 1 10 37 62 46 12 1
10 1 10 41 94 136 131 85 36 9 1
9 1 10 40 86 112 93 49 15 2
8 1 10 39 78 89 61 24 4
9 1 10 39 79 95 72 34 9 1
8 1 10 38 71 73 45 15 2
8 1 10 38 72 78 51 19 3
9 1 10 38 73 84 62 29 8 1
8 1 10 37 66 67 41 14 2
8 1 10 37 65 62 35 10 1
9 1 10 37 68 78 58 28 8 1
6 1 10 38 68 56 16
6 1 10 37 62 46 12
7 1 10 37 63 52 22 4
9 1 10 40 87 115 96 50 15 2
8 1 10 39 79 92 63 24 4
7 1 10 38 71 70 36 8
8 1 10 38 72 76 46 15 2
7 1 10 37 65 60 29 6
8 1 10 37 66 66 39 13 2
9 1 10 40 85 106 80 36 9 1
8 1 10 39 77 83 49 15 2
7 1 10 38 69 61 24 4
8 1 10 38 70 67 34 9 1
7 1 10 37 63 51 19 3
8 1 10 37 64 57 29 8 1
9 1 10 40 86 110 86 40 10 1
8 1 10 39 78 87 54 17 2
7 1 10 38 70 65 28 4
8 1 10 38 71 71 38 10 1
7 1 10 37 64 55 22 3
8 1 10 37 65 61 32 9 1
8 1 10 40 85 105 76 30 5
7 1 10 39 77 82 45 10
6 1 10 38 69 60 20
7 1 10 38 70 66 30 5
6 1 10 37 63 50 15
7 1 10 37 64 56 25 5
10 1 10 40 90 130 127 84 36 9 1
9 1 10 39 82 107 91 49 15 2
8 1 10 38 74 85 61 24 4
9 1 10 38 75 91 71 34 9 1
8 1 10 37 68 75 51 19 3
9 1 10 37 69 81 61 29 8 1
8 1 10 39 78 88 57 20 3
7 1 10 38 70 66 31 6
7 1 10 37 63 51 20 3
7 1 10 37 63 50 17 2
8 1 10 39 77 83 48 13 1
7 1 10 38 69 61 23 2
7 1 10 37 62 46 13 1
9 1 10 39 83 109 92 49 15 2
8 1 10 38 75 87 61 24 4
8 1 10 37 68 72 45 15 2
9 1 10 39 80 97 73 34 9 1
8 1 10 38 72 75 45 15 2
8 1 10 37 65 60 32 9 1
9 1 10 39 81 100 76 35 9 1
8 1 10 38 73 78 47 15 2
8 1 10 37 66 63 33 9 1
9 1 10 39 79 93 67 30 8 1
8 1 10 38 71 71 40 13 2
8 1 10 37 64 56 28 8 1
8 1 10 39 79 91 60 21 3
7 1 10 38 71 69 33 6
7 1 10 37 64 54 21 3
8 1 10 39 78 86 51 14 1
7 1 10 38 70 64 25 2
7 1 10 37 63 49 14 1
8 1 10 39 80 95 66 25 4
7 1 10 38 72 73 38 8
7 1 10 37 65 58 25 4
10 1 10 39 87 127 126 84 36 9 1
9 1 10 38 79 105 91 49 15 2
9 1 10 37 72 90 71 34 9 1
6 1 10 37 62 45 10
8 1 10 38 73 80 52 19 3
7 1 10 37 65 59 29 6
8 1 10 38 72 74 41 11 1
7 1 10 37 64 53 19 2
7 1 10 37 64 55 24 4
8 1 10 38 72 75 44 14 2
7 1 10 37 64 54 22 4
6 1 10 37 63 48 12
7 1 10 37 65 57 24 4
7 1 10 38 71 70 35 7
6 1 10 37 63 49 14
6 1 10 37 64 52 16
8 1 10 38 71 70 36 9 1
7 1 10 37 63 49 15 2
9 1 10 38 80 106 91 49 15 2
8 1 10 37 72 85 61 24 4
9 1 10 38 76 92 71 34 9 1
8 1 10 37 68 71 45 15 2
9 1 10 38 77 94 72 34 9 1
8 1 10 37 69 73 45 15 2
9 1 10 38 74 85 62 29 8 1
8 1 10 37 66 64 38 13 2
8 1 10 38 74 82 53 19 3
7 1 10 37 66 61 29 6
9 1 10 38 76 90 66 30 8 1
8 1 10 37 68 69 40 13 2
8 1 10 38 72 73 39 10 1
7 1 10 37 64 52 17 2
8 1 10 38 74 81 50 16 2
7 1 10 37 66 60 26 4
7 1 10 38 73 76 41 9
6 1 10 37 65 55 18
8 1 10 38 76 89 62 24 4
7 1 10 37 68 68 36 8
10 1 10 38 85 126 126 84 36 9 1
9 1 10 37 77 105 91 49 15 2
7 1 10 37 64 55 23 4
7 1 10 37 64 54 20 2
7 1 10 37 63 50 16 1
8 1 10 37 69 76 51 19 3
8 1 10 37 67 66 36 10 1
8 1 10 37 66 64 35 10 1
8 1 10 37 67 69 42 14 2
8 1 10 37 67 68 41 14 2
8 1 10 37 67 65 34 9 1
7 1 10 37 66 61 28 5
8 1 10 37 65 60 30 8 1
7 1 10 37 65 59 27 5
8 1 10 37 65 59 29 8 1
7 1 10 37 65 58 26 5
8 1 10 37 67 67 39 13 2
7 1 10 37 64 53 18 1
7 1 10 37 65 56 21 2
7 1 10 37 66 62 30 6
7 1 10 37 67 64 31 6
7 1 10 37 65 57 23 3
8 1 10 37 66 62 32 9 1
9 1 10 37 78 105 91 49 15 2
9 1 10 37 73 90 71 34 9 1
9 1 10 37 74 91 71 34 9 1
9 1 10 37 70 81 61 29 8 1
8 1 10 37 70 77 51 19 3
9 1 10 37 72 84 62 29 8 1
9 1 10 37 69 78 58 28 8 1
8 1 10 37 68 70 42 14 2
8 1 10 37 67 65 35 10 1
8 1 10 37 69 72 43 14 2
8 1 10 37 66 61 30 8 1
8 1 10 37 68 68 37 10 1
7 1 10 37 67 63 29 5
8 1 10 37 70 75 46 15 2
7 1 10 37 66 58 21 1
7 1 10 37 69 70 37 8
8 1 10 37 73 86 61 24 4
10 1 10 37 84 126 126 84 36 9 1
6 1 10 36 56 35 6
7 1 10 36 59 49 22 4
7 1 10 36 58 43 13 1
7 1 10 36 58 44 17 3
7 1 10 36 57 40 12 1
7 1 10 36 58 45 18 3
7 1 10 36 58 44 15 2
7 1 10 36 58 44 16 2
6 1 10 36 57 38 7
7 1 10 36 59 47 17 2
6 1 10 36 58 42 11
6 1 10 36 57 39 9
6 1 10 36 58 43 12
7 1 10 36 58 43 14 2
6 1 10 36 57 38 8
7 1 10 36 59 47 19 3
7 1 10 36 57 39 10 1
7 1 10 36 58 42 12 1
6 1 10 36 57 39 10
8 1 10 36 66 75 51 19 3
8 1 10 36 63 62 35 10 1
8 1 10 36 62 61 35 10 1
8 1 10 36 63 66 41 14 2
8 1 10 36 63 65 41 14 2
7 1 10 36 60 50 22 4
8 1 10 36 62 57 29 8 1
7 1 10 36 60 51 22 4
8 1 10 36 61 56 29 8 1
7 1 10 36 61 54 25 5
8 1 10 36 60 54 28 8 1
7 1 10 36 60 53 25 5
8 1 10 36 60 53 28 8 1
8 1 10 36 62 63 38 13 2
8 1 10 36 61 57 31 9 1
7 1 10 36 60 52 25 5
8 1 10 36 62 61 37 13 2
7 1 10 36 59 46 18 3
7 1 10 36 60 48 17 2
7 1 10 36 59 45 15 2
8 1 10 36 63 60 32 9 1
7 1 10 36 60 50 20 3
8 1 10 36 61 55 28 8 1
7 1 10 36 61 52 21 3
7 1 10 36 59 48 19 3
7 1 10 36 59 46 16 2
7 1 10 36 59 45 14 1
7 1 10 36 61 53 23 4
8 1 10 36 59 49 24 7 1
7 1 10 36 60 52 23 4
7 1 10 36 59 47 18 3
7 1 10 36 58 43 15 2
8 1 10 36 60 52 27 8 1
7 1 10 36 60 50 21 4
8 1 10 36 63 63 38 13 2
6 1 10 36 59 43 10
7 1 10 36 62 55 24 4
6 1 10 36 59 45 13
6 1 10 36 60 47 14
7 1 10 36 58 41 10 1
6 1 10 36 58 40 8
8 1 10 36 66 71 45 15 2
7 1 10 36 62 58 29 6
7 1 10 36 63 59 29 6
7 1 10 36 60 49 18 2
6 1 10 36 58 41 10
7 1 10 36 60 49 19 3
7 1 10 36 57 38 9 1
7 1 10 36 58 42 13 1
8 1 10 36 62 58 32 9 1
9 1 10 36 77 105 91 49 15 2
9 1 10 36 71 90 71 34 9 1
9 1 10 36 72 90 71 34 9 1
9 1 10 36 67 80 61 29 8 1
8 1 10 36 67 75 51 19 3
9 1 10 36 69 81 61 29 8 1
9 1 10 36 65 75 57 28 8 1
8 1 10 36 64 66 41 14 2
8 1 10 36 63 61 35 10 1
8 1 10 36 65 67 41 14 2
9 1 10 36 68 78 58 28 8 1
8 1 10 36 61 54 28 8 1
7 1 10 36 62 55 25 5
8 1 10 36 65 66 39 13 2
8 1 10 36 60 50 24 7 1
7 1 10 36 61 51 20 3
8 1 10 36 64 62 33 9 1
7 1 10 36 60 46 13 1
7 1 10 36 63 57 25 4
8 1 10 36 67 72 45 15 2
6 1 10 36 62 52 17
7 1 10 36 66 67 36 8
8 1 10 36 71 85 61 24 4
10 1 10 36 84 126 126 84 36 9 1
12 1 11 55 165 330 462 462 330 165 55 11 1
11 1 11 54 156 294 378 336 204 81 19 2
10 1 11 53 147 259 301 231 113 32 4
9 1 11 52 138 225 231 146 52 8
8 1 11 51 129 192 168 80 16
7 1 11 50 120 160 112 32
11 1 11 53 148 266 322 266 148 53 11 1
10 1 11 52 139 232 251 176 77 19 2
9 1 11 51 130 199 187 105 32 4
8 1 11 50 121 167 130 52 8
7 1 11 49 112 136 80 16
10 1 11 51 131 206 206 131 51 11 1
9 1 11 50 122 174 148 73 19 2
8 1 11 49 113 143 97 32 4
9 1 11 49 114 150 114 49 11 1
8 1 11 48 105 120 69 19 2
10 1 11 52 140 238 266 196 92 25 3
9 1 11 51 131 205 201 121 41 6
8 1 11 50 122 173 143 64 12
7 1 11 49 113 142 92 24
9 1 11 50 123 180 161 86 25 3
8 1 11 49 114 149 109 41 6
7 1 11 48 105 119 64 12
8 1 11 48 106 126 80 25 3
8 1 11 49 115 155 121 51 9
7 1 11 48 106 125 75 18
7 1 11 47 98 103 51 9
11 1 11 52 141 245 287 231 127 46 10 1
10 1 11 51 132 212 221 151 66 17 2
9 1 11 50 123 180 162 89 28 4
8 1 11 49 114 149 110 44 8
10 1 11 50 124 187 180 112 44 10 1
9 1 11 49 115 156 127 62 17 2
8 1 11 48 106 126 81 28 4
9 1 11 48 107 133 97 42 10 1
9 1 11 49 116 162 139 73 22 3
8 1 11 48 107 132 92 35 6
8 1 11 47 99 110 67 22 3
10 1 11 49 117 169 157 96 38 9 1
9 1 11 48 108 139 109 53 15 2
9 1 11 47 100 117 83 36 9 1
10 1 11 51 133 217 231 161 71 18 2
9 1 11 50 124 185 171 96 30 4
8 1 11 49 115 154 118 48 8
7 1 11 48 106 124 72 16
9 1 11 49 116 161 135 67 18 2
8 1 11 48 107 131 88 30 4
8 1 11 47 99 109 63 18 2
8 1 11 48 108 137 99 38 6
7 1 11 47 99 108 58 12
9 1 11 48 109 144 116 57 16 2
8 1 11 47 100 115 74 26 4
8 1 11 47 101 120 80 28 4
10 1 11 51 132 211 216 141 56 12 1
9 1 11 50 123 179 157 80 21 2
8 1 11 49 114 148 105 36 4
7 1 11 48 105 118 60 8
9 1 11 49 115 155 122 54 12 1
8 1 11 48 106 125 76 21 2
8 1 11 47 98 103 52 12 1
8 1 11 48 107 131 87 28 3
7 1 11 47 98 102 47 6
9 1 11 48 108 138 104 46 11 1
8 1 11 47 99 109 63 19 2
8 1 11 47 100 114 69 20 2
8 1 11 47 99 108 58 13 1
11 1 11 51 135 230 267 216 121 45 10 1
10 1 11 50 126 198 205 142 64 17 2
9 1 11 49 117 167 150 85 28 4
8 1 11 48 108 137 102 44 8
10 1 11 49 118 174 167 106 43 10 1
9 1 11 48 109 144 118 60 17 2
9 1 11 47 101 122 91 41 10 1
9 1 11 48 110 150 129 70 22 3
8 1 11 47 101 121 86 35 6
10 1 11 48 111 157 146 91 37 9 1
9 1 11 47 102 128 102 51 15 2
9 1 11 47 103 133 108 55 16 2
9 1 11 47 102 127 97 45 11 1
10 1 11 47 105 146 136 86 36 9 1
7 1 11 47 98 102 48 8
7 1 11 46 92 92 44 8
7 1 11 46 91 86 34 4
8 1 11 46 94 105 70 26 4
10 1 11 50 127 202 211 146 65 17 2
9 1 11 49 118 171 155 87 28 4
8 1 11 48 109 141 106 44 8
9 1 11 48 110 148 122 61 17 2
8 1 11 47 101 119 79 28 4
8 1 11 47 102 125 89 35 6
9 1 11 47 103 132 105 52 15 2
8 1 11 46 95 109 72 26 4
8 1 11 46 94 103 62 19 2
9 1 11 46 97 122 98 50 15 2
10 1 11 50 125 191 186 116 45 10 1
9 1 11 49 116 160 132 64 17 2
8 1 11 48 107 130 85 28 4
9 1 11 48 108 137 101 43 10 1
8 1 11 47 99 108 60 17 2
8 1 11 47 100 114 70 22 3
9 1 11 47 101 121 86 37 9 1
8 1 11 46 93 98 55 16 2
8 1 11 46 92 92 45 11 1
9 1 11 46 95 111 81 36 9 1
10 1 11 50 126 196 196 126 50 11 1
9 1 11 49 117 165 141 71 19 2
8 1 11 48 108 135 93 32 4
9 1 11 48 109 142 109 48 11 1
8 1 11 47 100 113 67 19 2
8 1 11 47 101 119 77 25 3
9 1 11 47 102 126 93 41 10 1
8 1 11 46 94 103 61 18 2
8 1 11 46 93 97 51 12 1
9 1 11 46 96 116 87 40 10 1
9 1 11 50 125 190 181 106 35 5
8 1 11 49 116 159 127 55 10
7 1 11 48 107 129 80 20
8 1 11 48 108 136 96 35 5
7 1 11 47 99 107 55 10
7 1 11 47 100 113 65 15
8 1 11 47 101 120 81 30 5
7 1 11 46 93 97 50 10
7 1 11 46 92 91 40 5
8 1 11 46 95 110 76 30 5
11 1 11 50 130 220 257 211 120 45 10 1
10 1 11 49 121 189 198 140 64 17 2
9 1 11 48 112 159 146 85 28 4
10 1 11 48 113 166 162 105 43 10 1
9 1 11 47 104 137 116 60 17 2
9 1 11 47 105 143 126 70 22 3
10 1 11 47 106 150 142 90 37 9 1
9 1 11 46 98 127 106 55 16 2
9 1 11 46 97 121 96 45 11 1
10 1 11 46 100 140 132 85 36 9 1
9 1 11 49 117 166 145 77 23 3
8 1 11 48 108 136 97 37 6
7 1 11 47 99 107 56 12
8 1 11 47 100 114 71 23 3
7 1 11 46 92 92 45 9
8 1 11 46 93 99 60 20 3
7 1 11 47 99 106 52 8
7 1 11 46 92 91 41 6
8 1 11 46 93 98 56 17 2
9 1 11 49 116 160 131 61 14 1
8 1 11 48 107 130 84 25 2
7 1 11 47 98 101 44 4
8 1 11 47 99 108 59 14 1
7 1 11 46 91 86 34 3
8 1 11 46 92 93 49 13 1
10 1 11 49 122 192 201 141 64 17 2
9 1 11 48 113 162 148 85 28 4
8 1 11 47 104 133 102 44 8
9 1 11 47 105 140 117 60 17 2
8 1 11 46 97 118 86 35 6
9 1 11 46 98 125 101 51 15 2
10 1 11 49 119 177 170 107 43 10 1
9 1 11 48 110 147 120 60 17 2
8 1 11 47 101 118 77 28 4
9 1 11 47 102 125 92 41 10 1
8 1 11 46 94 103 64 22 3
9 1 11 46 95 110 79 35 9 1
10 1 11 49 120 181 176 111 44 10 1
9 1 11 48 111 151 125 62 17 2
8 1 11 47 102 122 81 28 4
9 1 11 47 103 129 96 42 10 1
8 1 11 46 95 107 67 22 3
9 1 11 46 96 114 82 36 9 1
10 1 11 49 118 172 160 97 38 9 1
9 1 11 48 109 142 111 53 15 2
8 1 11 47 100 113 69 24 4
9 1 11 47 101 120 84 36 9 1
8 1 11 46 93 98 57 19 3
9 1 11 46 94 105 72 31 8 1
9 1 11 49 118 170 151 81 24 3
8 1 11 48 109 140 102 39 6
7 1 11 47 100 111 60 12
8 1 11 47 101 118 75 24 3
7 1 11 46 93 96 48 9
8 1 11 46 94 103 63 21 3
9 1 11 49 117 164 137 65 15 1
8 1 11 48 108 134 89 27 2
7 1 11 47 99 105 48 4
8 1 11 47 100 112 63 15 1
7 1 11 46 92 90 37 3
8 1 11 46 93 97 52 14 1
9 1 11 49 119 175 161 91 29 4
8 1 11 48 110 145 111 46 8
7 1 11 47 101 116 68 16
8 1 11 47 102 123 83 29 4
7 1 11 46 94 101 55 12
8 1 11 46 95 108 70 25 4
11 1 11 49 126 214 253 210 120 45 10 1
10 1 11 48 117 184 196 140 64 17 2
9 1 11 47 108 155 146 85 28 4
10 1 11 47 109 162 161 105 43 10 1
9 1 11 46 101 140 126 70 22 3
10 1 11 46 102 147 141 90 37 9 1
7 1 11 46 91 86 35 5
9 1 11 48 111 153 132 71 22 3
8 1 11 47 102 124 88 35 6
8 1 11 46 94 103 65 22 3
9 1 11 48 110 146 115 52 12 1
8 1 11 47 101 117 72 21 2
8 1 11 46 93 96 50 12 1
8 1 11 46 92 92 46 11 1
8 1 11 46 93 98 57 17 2
9 1 11 48 110 147 119 58 16 2
8 1 11 47 101 118 76 26 4
8 1 11 46 93 97 54 16 2
7 1 11 46 92 90 39 6
8 1 11 46 94 101 58 17 2
8 1 11 48 109 141 105 42 7
7 1 11 47 100 112 63 14
7 1 11 46 92 91 42 7
7 1 11 46 93 95 46 8
9 1 11 48 109 141 106 45 10 1
8 1 11 47 100 112 64 17 2
8 1 11 46 92 91 43 10 1
10 1 11 48 118 186 197 140 64 17 2
9 1 11 47 109 157 146 85 28 4
9 1 11 46 101 136 116 60 17 2
10 1 11 48 114 168 163 105 43 10 1
9 1 11 47 105 139 116 60 17 2
9 1 11 46 97 118 90 41 10 1
10 1 11 48 115 171 166 106 43 10 1
9 1 11 47 106 142 118 60 17 2
9 1 11 46 98 121 91 41 10 1
10 1 11 48 112 159 147 91 37 9 1
9 1 11 47 103 130 102 51 15 2
9 1 11 46 95 109 78 35 9 1
9 1 11 48 112 156 135 72 22 3
8 1 11 47 103 127 90 35 6
8 1 11 46 95 106 66 22 3
10 1 11 48 114 166 156 96 38 9 1
9 1 11 47 105 137 109 53 15 2
9 1 11 46 97 116 83 36 9 1
9 1 11 48 110 145 112 49 11 1
8 1 11 47 101 116 69 19 2
8 1 11 46 93 95 47 11 1
9 1 11 48 112 155 131 66 18 2
8 1 11 47 103 126 86 30 4
8 1 11 46 95 105 62 18 2
8 1 11 48 111 149 117 50 9
7 1 11 47 102 120 73 18
7 1 11 46 94 99 50 9
9 1 11 48 114 165 151 86 28 4
8 1 11 47 105 136 104 44 8
8 1 11 46 97 115 78 28 4
11 1 11 48 123 211 252 210 120 45 10 1
10 1 11 47 114 182 196 140 64 17 2
10 1 11 46 106 161 161 105 43 10 1
8 1 11 47 101 119 78 27 4
7 1 11 46 92 91 42 8
8 1 11 47 101 118 74 22 2
7 1 11 46 92 90 38 4
8 1 11 47 100 113 66 17 1
7 1 11 46 91 85 31 2
9 1 11 47 106 145 127 70 22 3
8 1 11 46 97 117 86 35 6
9 1 11 47 104 133 102 46 11 1
8 1 11 46 95 105 63 19 2
9 1 11 47 103 130 99 45 11 1
8 1 11 46 94 102 61 19 2
9 1 11 47 104 136 111 56 16 2
8 1 11 46 95 108 72 26 4
9 1 11 47 104 135 109 55 16 2
8 1 11 46 95 107 70 26 4
7 1 11 46 93 94 44 8
9 1 11 47 104 132 99 43 10 1
8 1 11 46 95 104 60 17 2
8 1 11 47 103 127 89 33 5
7 1 11 46 94 99 51 10
9 1 11 47 102 125 90 38 9 1
8 1 11 46 93 97 53 15 2
8 1 11 47 102 124 86 32 5
7 1 11 46 93 96 49 10
9 1 11 47 102 124 88 37 9 1
8 1 11 46 93 96 51 15 2
8 1 11 47 102 123 84 31 5
7 1 11 46 93 95 47 10
9 1 11 47 104 134 106 52 15 2
8 1 11 46 95 106 67 24 4
7 1 11 46 94 98 48 8
8 1 11 47 101 117 71 19 1
7 1 11 46 92 89 35 2
8 1 11 47 102 121 77 23 2
7 1 11 46 93 93 40 4
8 1 11 46 97 114 77 28 4
8 1 11 47 103 128 92 36 6
7 1 11 46 94 100 54 12
8 1 11 47 104 131 95 37 6
7 1 11 46 95 103 56 12
8 1 11 47 102 122 80 26 3
7 1 11 46 93 94 43 6
7 1 11 46 92 89 36 4
9 1 11 47 103 128 94 41 10 1
8 1 11 46 94 100 56 17 2
10 1 11 47 115 183 196 140 64 17 2
9 1 11 46 106 155 146 85 28 4
10 1 11 47 110 163 161 105 43 10 1
9 1 11 46 101 135 116 60 17 2
10 1 11 47 111 165 162 105 43 10 1
9 1 11 46 102 137 116 60 17 2
10 1 11 47 107 151 142 90 37 9 1
9 1 11 46 98 123 100 51 15 2
9 1 11 47 107 147 128 70 22 3
8 1 11 46 98 119 86 35 6
10 1 11 47 109 156 146 91 37 9 1
9 1 11 46 100 128 102 51 15 2
10 1 11 47 106 147 136 86 36 9 1
9 1 11 46 97 119 95 49 15 2
9 1 11 47 105 138 112 56 16 2
8 1 11 46 96 110 72 26 4
9 1 11 47 104 132 100 45 11 1
8 1 11 46 95 104 61 19 2
9 1 11 47 106 141 115 57 16 2
8 1 11 46 97 113 74 26 4
9 1 11 47 103 127 91 38 9 1
8 1 11 46 94 99 53 15 2
9 1 11 47 105 136 105 47 11 1
8 1 11 46 96 108 65 19 2
8 1 11 47 104 130 92 34 5
7 1 11 46 95 102 53 10
9 1 11 47 107 145 121 61 17 2
8 1 11 46 98 117 79 28 4
8 1 11 47 103 124 79 22 1
7 1 11 46 94 96 41 2
8 1 11 47 106 139 107 45 8
7 1 11 46 97 111 66 16
9 1 11 47 110 159 147 85 28 4
8 1 11 46 101 131 102 44 8
11 1 11 47 121 210 252 210 120 45 10 1
10 1 11 46 112 182 196 140 64 17 2
8 1 11 46 95 108 71 26 4
8 1 11 46 94 101 56 14 1
8 1 11 46 94 102 61 20 3
8 1 11 46 93 97 52 13 1
8 1 11 46 94 102 59 17 2
8 1 11 46 94 102 60 18 2
7 1 11 46 93 95 45 7
8 1 11 46 95 106 64 19 2
7 1 11 46 94 100 53 11
8 1 11 46 94 101 57 16 2
8 1 11 46 93 96 49 11 1
8 1 11 46 94 100 54 13 1
9 1 11 46 102 141 126 70 22 3
9 1 11 46 99 125 97 45 11 1
9 1 11 46 98 123 96 45 11 1
9 1 11 46 99 129 107 55 16 2
9 1 11 46 99 128 106 55 16 2
9 1 11 46 98 119 86 37 9 1
8 1 11 46 96 111 73 26 4
9 1 11 46 97 117 85 37 9 1
8 1 11 46 97 115 79 30 5
8 1 11 46 96 113 78 30 5
9 1 11 46 96 113 81 36 9 1
9 1 11 46 97 118 88 40 10 1
8 1 11 46 96 112 77 30 5
9 1 11 46 98 123 98 50 15 2
8 1 11 46 95 105 64 21 3
9 1 11 46 99 123 92 41 10 1
8 1 11 46 96 110 70 23 3
8 1 11 46 97 113 73 24 3
8 1 11 46 95 104 59 15 1
8 1 11 46 97 114 76 27 4
9 1 11 46 95 108 73 31 8 1
8 1 11 46 96 112 75 27 4
8 1 11 46 95 106 65 21 3
9 1 11 46 96 112 79 35 9 1
8 1 11 46 96 110 71 25 4
9 1 11 46 99 126 101 51 15 2
7 1 11 46 95 104 58 13
7 1 11 46 96 107 61 14
8 1 11 46 94 99 51 11 1
8 1 11 46 98 120 87 35 6
8 1 11 46 99 122 88 35 6
8 1 11 46 96 109 67 20 2
8 1 11 46 96 109 68 22 3
8 1 11 46 93 95 47 10 1
8 1 11 46 94 100 55 14 1
9 1 11 46 98 120 90 41 10 1
10 1 11 46 113 182 196 140 64 17 2
10 1 11 46 107 161 161 105 43 10 1
10 1 11 46 108 162 161 105 43 10 1
10 1 11 46 103 147 141 90 37 9 1
9 1 11 46 103 142 126 70 22 3
10 1 11 46 105 150 142 90 37 9 1
10 1 11 46 101 140 132 85 36 9 1
9 1 11 46 100 130 107 55 16 2
9 1 11 46 99 124 96 45 11 1
9 1 11 46 101 132 108 55 16 2
10 1 11 46 104 146 136 86 36 9 1
9 1 11 46 97 115 82 36 9 1
8 1 11 46 98 117 80 30 5
9 1 11 46 101 131 105 52 15 2
9 1 11 46 96 110 74 31 8 1
8 1 11 46 97 112 71 23 3
9 1 11 46 100 126 95 42 10 1
8 1 11 46 96 106 59 14 1
8 1 11 46 99 120 82 29 4
9 1 11 46 103 139 117 60 17 2
7 1 11 46 98 114 69 17
8 1 11 46 102 133 103 44 8
9 1 11 46 107 156 146 85 28 4
11 1 11 46 120 210 252 210 120 45 10 1
7 1 11 45 85 76 31 5
7 1 11 45 85 75 27 2
7 1 11 45 85 75 28 4
7 1 11 45 85 75 28 3
7 1 11 45 84 70 21 1
8 1 11 45 90 102 70 26 4
8 1 11 45 88 90 49 13 1
8 1 11 45 88 92 57 20 3
8 1 11 45 87 87 48 13 1
8 1 11 45 88 93 58 20 3
8 1 11 45 88 92 54 17 2
8 1 11 45 88 92 55 17 2
7 1 11 45 86 79 32 5
8 1 11 45 88 89 46 11 1
7 1 11 45 87 84 39 7
7 1 11 45 86 80 34 5
8 1 11 45 87 86 44 11 1
7 1 11 45 87 85 40 7
8 1 11 45 87 85 42 10 1
7 1 11 45 86 80 36 7
8 1 11 45 88 91 55 19 3
8 1 11 45 86 81 39 10 1
8 1 11 45 87 87 49 15 2
8 1 11 45 87 86 46 14 2
8 1 11 45 87 85 43 11 1
8 1 11 45 86 82 41 10 1
7 1 11 45 86 81 37 7
8 1 11 45 86 81 38 9 1
7 1 11 45 86 81 38 7
7 1 11 45 86 80 34 6
8 1 11 45 88 91 51 15 2
7 1 11 45 87 85 41 8
7 1 11 45 86 80 35 6
8 1 11 45 88 91 53 16 2
7 1 11 45 87 83 35 4
7 1 11 45 86 78 29 3
7 1 11 45 85 74 24 1
7 1 11 45 86 79 30 2
8 1 11 45 90 99 61 19 2
7 1 11 45 88 88 43 8
7 1 11 45 88 90 47 10
8 1 11 45 88 90 50 15 2
7 1 11 45 86 78 29 2
7 1 11 45 88 88 44 9
7 1 11 45 86 79 31 3
7 1 11 45 87 84 38 6
7 1 11 45 87 83 36 5
7 1 11 45 86 80 33 4
7 1 11 45 86 79 32 4
8 1 11 45 88 90 51 16 2
7 1 11 45 85 74 26 3
7 1 11 45 86 79 33 5
7 1 11 45 87 83 37 6
7 1 11 45 85 74 25 2
7 1 11 45 86 78 30 4
8 1 11 45 90 99 64 22 3
8 1 11 45 88 88 45 11 1
8 1 11 45 86 80 36 9 1
7 1 11 45 85 74 25 1
7 1 11 45 87 85 43 9
9 1 11 45 99 140 126 70 22 3
9 1 11 45 95 121 96 45 11 1
9 1 11 45 94 120 96 45 11 1
9 1 11 45 95 126 106 55 16 2
9 1 11 45 95 125 106 55 16 2
8 1 11 45 91 103 70 26 4
9 1 11 45 93 111 81 36 9 1
8 1 11 45 91 104 70 26 4
9 1 11 45 92 110 81 36 9 1
8 1 11 45 92 108 76 30 5
9 1 11 45 91 108 80 36 9 1
8 1 11 45 91 107 76 30 5
9 1 11 45 91 107 80 36 9 1
9 1 11 45 93 119 97 50 15 2
9 1 11 45 92 112 86 40 10 1
8 1 11 45 91 106 76 30 5
9 1 11 45 93 117 96 50 15 2
8 1 11 45 89 94 58 20 3
8 1 11 45 90 96 56 17 2
8 1 11 45 88 89 48 13 1
8 1 11 45 89 95 59 20 3
8 1 11 45 89 93 54 17 2
9 1 11 45 93 110 79 35 9 1
8 1 11 45 90 98 60 20 3
9 1 11 45 91 104 72 31 8 1
8 1 11 45 91 101 63 21 3
8 1 11 45 89 96 59 20 3
8 1 11 45 89 95 56 17 2
8 1 11 45 89 94 55 17 2
9 1 11 45 91 107 78 35 9 1
8 1 11 45 90 99 62 21 3
8 1 11 45 89 93 52 14 1
8 1 11 45 91 103 68 25 4
9 1 11 45 90 104 75 34 9 1
8 1 11 45 89 97 61 21 3
9 1 11 45 89 98 68 30 8 1
8 1 11 45 88 91 51 14 1
8 1 11 45 90 102 68 25 4
8 1 11 45 89 96 60 21 3
8 1 11 45 88 91 54 17 2
9 1 11 45 90 102 74 34 9 1
8 1 11 45 89 96 61 21 3
9 1 11 45 91 106 77 35 9 1
8 1 11 45 90 100 66 25 4
9 1 11 45 93 116 94 49 15 2
8 1 11 45 89 91 48 12 1
8 1 11 45 87 84 41 10 1
8 1 11 45 88 90 52 16 2
8 1 11 45 88 88 47 14 2
7 1 11 45 88 85 37 6
8 1 11 45 91 99 58 17 2
7 1 11 45 88 87 41 7
8 1 11 45 89 93 53 16 2
7 1 11 45 89 90 44 8
8 1 11 45 87 83 38 9 1
7 1 11 45 87 82 35 6
8 1 11 45 89 92 51 15 2
9 1 11 45 95 118 90 41 10 1
8 1 11 45 91 102 65 22 3
9 1 11 45 92 108 78 35 9 1
8 1 11 45 92 104 66 22 3
8 1 11 45 89 94 54 16 2
8 1 11 45 89 92 49 12 1
8 1 11 45 90 97 57 17 2
8 1 11 45 89 91 47 11 1
8 1 11 45 91 100 60 18 2
8 1 11 45 88 90 48 12 1
7 1 11 45 89 91 46 9
8 1 11 45 92 106 71 26 4
8 1 11 45 87 86 47 14 2
9 1 11 45 89 97 67 30 8 1
7 1 11 45 88 89 45 9
8 1 11 45 87 84 40 10 1
8 1 11 45 91 105 71 26 4
7 1 11 45 87 84 40 8
8 1 11 45 89 94 56 19 3
8 1 11 45 86 80 37 9 1
8 1 11 45 87 85 44 11 1
8 1 11 45 88 89 49 15 2
9 1 11 45 91 105 77 35 9 1
7 1 11 45 88 87 42 9
8 1 11 45 91 102 66 24 4
9 1 11 45 95 122 100 51 15 2
7 1 11 45 90 93 46 8
7 1 11 45 87 81 30 1
7 1 11 45 88 84 33 2
8 1 11 45 94 112 77 28 4
7 1 11 45 90 96 53 12
7 1 11 45 91 98 54 12
7 1 11 45 88 86 38 5
7 1 11 45 88 85 36 4
7 1 11 45 90 94 49 10
7 1 11 45 86 78 28 1
7 1 11 45 88 89 46 10
7 1 11 45 87 82 33 3
7 1 11 45 86 77 27 2
8 1 11 45 88 87 43 11 1
8 1 11 45 91 100 61 19 2
9 1 11 45 99 135 116 60 17 2
8 1 11 45 94 116 86 35 6
8 1 11 45 95 117 86 35 6
8 1 11 45 91 101 62 19 2
8 1 11 45 93 108 72 26 4
8 1 11 45 90 100 65 24 4
7 1 11 45 89 92 48 10
7 1 11 45 88 87 42 8
8 1 11 45 90 96 55 16 2
7 1 11 45 87 82 34 4
7 1 11 45 86 78 30 3
7 1 11 45 87 83 38 7
7 1 11 45 88 86 39 6
8 1 11 45 91 101 64 22 3
8 1 11 45 87 83 39 10 1
8 1 11 45 88 89 49 13 1
8 1 11 45 88 87 43 10 1
7 1 11 45 87 81 32 4
9 1 11 45 94 116 90 41 10 1
10 1 11 45 112 182 196 140 64 17 2
10 1 11 45 105 161 161 105 43 10 1
10 1 11 45 106 161 161 105 43 10 1
10 1 11 45 100 146 141 90 37 9 1
9 1 11 45 100 140 126 70 22 3
10 1 11 45 102 147 141 90 37 9 1
10 1 11 45 97 137 131 85 36 9 1
9 1 11 45 96 126 106 55 16 2
9 1 11 45 95 120 96 45 11 1
9 1 11 45 97 127 106 55 16 2
10 1 11 45 100 140 132 85 36 9 1
10 1 11 45 96 134 128 84 36 9 1
9 1 11 45 94 119 97 50 15 2
9 1 11 45 92 108 80 36 9 1
9 1 11 45 94 115 87 40 10 1
8 1 11 45 93 109 76 30 5
9 1 11 45 96 122 98 50 15 2
9 1 11 45 91 104 75 34 9 1
9 1 11 45 90 99 68 30 8 1
8 1 11 45 91 100 62 21 3
9 1 11 45 94 113 82 36 9 1
8 1 11 45 90 94 51 14 1
8 1 11 45 93 107 70 25 4
9 1 11 45 97 125 101 51 15 2
8 1 11 45 90 95 54 16 2
8 1 11 45 89 89 43 10 1
8 1 11 45 92 102 61 18 2
9 1 11 45 96 120 91 41 10 1
7 1 11 45 91 96 49 9
8 1 11 45 95 114 78 28 4
9 1 11 45 100 136 116 60 17 2
7 1 11 45 90 90 37 1
7 1 11 45 94 108 65 16
8 1 11 45 99 130 102 44 8
9 1 11 45 105 155 146 85 28 4
11 1 11 45 120 210 252 210 120 45 10 1
