NQ 78 K 23 BUDGET 7
2 1 1
3 1 2 1
2 1 2
4 1 3 3 1
3 1 3 2
3 1 3 1
5 1 4 6 4 1
4 1 4 5 2
3 1 4 4
4 1 4 4 1
3 1 4 3
4 1 4 3 1
6 1 5 10 10 5 1
5 1 5 9 7 2
4 1 5 8 4
5 1 5 8 5 1
4 1 5 7 2
4 1 5 7 3
5 1 5 7 4 1
4 1 5 6 2
4 1 5 6 1
5 1 5 6 4 1
7 1 6 15 20 15 6 1
6 1 6 14 16 9 2
5 1 6 13 12 4
4 1 6 12 8
6 1 6 13 13 6 1
5 1 6 12 9 2
5 1 6 11 6 1
5 1 6 12 10 3
4 1 6 11 6
6 1 6 12 11 5 1
5 1 6 11 7 2
5 1 6 11 8 2
5 1 6 11 7 1
6 1 6 11 10 5 1
4 1 6 10 4
5 1 6 10 7 2
5 1 6 10 5 1
5 1 6 10 6 1
4 1 6 10 5
6 1 6 10 10 5 1
8 1 7 21 35 35 21 7 1
7 1 7 20 30 25 11 2
6 1 7 19 25 16 4
5 1 7 18 20 8
7 1 7 19 26 19 7 1
6 1 7 18 21 11 2
5 1 7 17 16 4
6 1 7 17 17 7 1
6 1 7 18 22 13 3
5 1 7 17 17 6
5 1 7 16 13 3
7 1 7 18 23 16 6 1
6 1 7 17 18 9 2
6 1 7 16 14 6 1
6 1 7 17 19 10 2
5 1 7 16 14 4
6 1 7 17 18 8 1
5 1 7 16 13 2
7 1 7 17 21 15 6 1
6 1 7 16 16 9 2
6 1 7 16 17 9 2
6 1 7 16 15 6 1
6 1 7 16 16 7 1
5 1 7 16 15 5
7 1 7 16 20 15 6 1
5 1 7 15 11 3
5 1 7 15 11 2
5 1 7 15 10 1
6 1 7 15 16 9 2
6 1 7 15 13 6 1
6 1 7 15 14 6 1
6 1 7 15 12 5 1
5 1 7 15 12 3
5 1 7 15 11 1
5 1 7 15 13 4
7 1 7 15 20 15 6 1
