NQ 2553 K 18 BUDGET 12
2 1 1
3 1 2 1
2 1 2
4 1 3 3 1
3 1 3 2
3 1 3 1
5 1 4 6 4 1
4 1 4 5 2
3 1 4 4
4 1 4 4 1
3 1 4 3
4 1 4 3 1
6 1 5 10 10 5 1
5 1 5 9 7 2
4 1 5 8 4
5 1 5 8 5 1
4 1 5 7 2
4 1 5 7 3
5 1 5 7 4 1
4 1 5 6 2
4 1 5 6 1
5 1 5 6 4 1
7 1 6 15 20 15 6 1
6 1 6 14 16 9 2
5 1 6 13 12 4
4 1 6 12 8
6 1 6 13 13 6 1
5 1 6 12 9 2
5 1 6 11 6 1
5 1 6 12 10 3
4 1 6 11 6
6 1 6 12 11 5 1
5 1 6 11 7 2
5 1 6 11 8 2
5 1 6 11 7 1
6 1 6 11 10 5 1
4 1 6 10 4
5 1 6 10 7 2
5 1 6 10 5 1
5 1 6 10 6 1
4 1 6 10 5
6 1 6 10 10 5 1
8 1 7 21 35 35 21 7 1
7 1 7 20 30 25 11 2
6 1 7 19 25 16 4
5 1 7 18 20 8
7 1 7 19 26 19 7 1
6 1 7 18 21 11 2
5 1 7 17 16 4
6 1 7 17 17 7 1
6 1 7 18 22 13 3
5 1 7 17 17 6
5 1 7 16 13 3
7 1 7 18 23 16 6 1
6 1 7 17 18 9 2
6 1 7 16 14 6 1
6 1 7 17 19 10 2
5 1 7 16 14 4
6 1 7 17 18 8 1
5 1 7 16 13 2
7 1 7 17 21 15 6 1
6 1 7 16 16 9 2
6 1 7 16 17 9 2
6 1 7 16 15 6 1
6 1 7 16 16 7 1
5 1 7 16 15 5
7 1 7 16 20 15 6 1
5 1 7 15 11 3
5 1 7 15 11 2
5 1 7 15 10 1
6 1 7 15 16 9 2
6 1 7 15 13 6 1
6 1 7 15 14 6 1
6 1 7 15 12 5 1
5 1 7 15 12 3
5 1 7 15 11 1
5 1 7 15 13 4
7 1 7 15 20 15 6 1
9 1 8 28 56 70 56 28 8 1
8 1 8 27 50 55 36 13 2
7 1 8 26 44 41 20 4
6 1 8 25 38 28 8
5 1 8 24 32 16
8 1 8 26 45 45 26 8 1
7 1 8 25 39 32 13 2
6 1 8 24 33 20 4
7 1 8 24 34 24 8 1
6 1 8 23 28 13 2
7 1 8 25 40 35 16 3
6 1 8 24 34 23 6
5 1 8 23 28 12
6 1 8 23 29 16 3
5 1 8 22 24 9
8 1 8 25 41 39 22 7 1
7 1 8 24 35 27 11 2
6 1 8 23 29 16 4
7 1 8 23 30 20 7 1
6 1 8 22 25 13 3
7 1 8 22 26 17 6 1
7 1 8 24 36 29 12 2
6 1 8 23 30 18 4
6 1 8 22 25 12 2
7 1 8 24 35 26 9 1
6 1 8 23 29 15 2
6 1 8 22 24 9 1
8 1 8 24 38 36 21 7 1
7 1 8 23 32 25 11 2
7 1 8 22 27 19 7 1
5 1 8 22 24 8
7 1 8 23 33 26 11 2
6 1 8 22 27 16 4
7 1 8 23 31 21 7 1
6 1 8 22 25 11 2
7 1 8 23 32 23 8 1
6 1 8 22 26 13 2
6 1 8 23 31 20 5
5 1 8 22 25 10
8 1 8 23 36 35 21 7 1
7 1 8 22 30 25 11 2
6 1 8 22 26 14 3
6 1 8 22 25 11 1
7 1 8 22 31 25 11 2
7 1 8 22 28 19 7 1
7 1 8 22 29 20 7 1
7 1 8 22 27 17 6 1
6 1 8 22 27 15 3
6 1 8 22 26 12 1
6 1 8 22 28 17 4
8 1 8 22 35 35 21 7 1
5 1 8 21 20 5
6 1 8 21 23 13 3
6 1 8 21 22 9 1
6 1 8 21 21 8 1
6 1 8 21 22 11 2
6 1 8 21 22 10 2
5 1 8 21 21 6
6 1 8 21 23 11 2
5 1 8 21 21 7
5 1 8 21 22 8
6 1 8 21 21 7 1
7 1 8 21 30 25 11 2
7 1 8 21 26 19 7 1
7 1 8 21 27 19 7 1
7 1 8 21 24 16 6 1
6 1 8 21 24 13 3
7 1 8 21 26 17 6 1
6 1 8 21 22 8 1
6 1 8 21 24 12 2
5 1 8 21 23 9
6 1 8 21 26 16 4
8 1 8 21 35 35 21 7 1
10 1 9 36 84 126 126 84 36 9 1
9 1 9 35 77 105 91 49 15 2
8 1 9 34 70 85 61 24 4
7 1 9 33 63 66 36 8
6 1 9 32 56 48 16
9 1 9 34 71 90 71 34 9 1
8 1 9 33 64 71 45 15 2
7 1 9 32 57 53 24 4
6 1 9 31 50 36 8
8 1 9 32 58 58 32 9 1
7 1 9 31 51 41 15 2
7 1 9 30 45 30 9 1
8 1 9 33 65 75 51 19 3
7 1 9 32 58 57 29 6
6 1 9 31 51 40 12
7 1 9 31 52 45 19 3
6 1 9 30 45 29 6
6 1 9 30 46 33 9
9 1 9 33 66 80 61 29 8 1
8 1 9 32 59 62 38 13 2
7 1 9 31 52 45 20 4
8 1 9 31 53 50 27 8 1
7 1 9 30 46 34 13 2
7 1 9 30 47 38 16 3
8 1 9 30 48 43 23 7 1
8 1 9 32 60 65 41 14 2
7 1 9 31 53 48 22 4
6 1 9 30 46 32 8
7 1 9 30 47 37 14 2
6 1 9 29 41 26 6
7 1 9 29 42 31 12 2
8 1 9 32 59 61 35 10 1
7 1 9 31 52 44 17 2
6 1 9 30 45 28 4
7 1 9 30 46 33 10 1
6 1 9 29 40 22 3
7 1 9 29 41 27 9 1
9 1 9 32 62 74 57 28 8 1
8 1 9 31 55 57 36 13 2
7 1 9 30 48 41 20 4
8 1 9 30 49 46 26 8 1
7 1 9 29 43 35 16 3
8 1 9 29 44 40 22 7 1
6 1 9 29 40 22 4
8 1 9 31 56 59 37 13 2
7 1 9 30 49 43 20 4
7 1 9 29 43 33 13 2
8 1 9 31 54 52 28 8 1
7 1 9 30 47 36 13 2
7 1 9 29 41 26 8 1
8 1 9 31 55 55 31 9 1
7 1 9 30 48 39 15 2
7 1 9 29 42 29 9 1
7 1 9 31 54 51 25 5
6 1 9 30 47 35 10
6 1 9 29 41 25 5
9 1 9 31 59 71 56 28 8 1
8 1 9 30 52 55 36 13 2
8 1 9 29 46 45 26 8 1
7 1 9 30 48 40 17 3
6 1 9 29 41 25 6
6 1 9 29 41 24 4
7 1 9 30 47 36 12 1
6 1 9 29 40 21 2
8 1 9 30 53 56 36 13 2
7 1 9 29 46 41 20 4
8 1 9 30 50 47 26 8 1
7 1 9 29 43 32 13 2
8 1 9 30 51 49 27 8 1
7 1 9 29 44 34 13 2
8 1 9 30 49 44 23 7 1
7 1 9 29 42 29 11 2
7 1 9 30 49 42 18 3
6 1 9 29 42 27 6
7 1 9 30 48 38 13 1
6 1 9 29 41 23 2
7 1 9 30 50 45 21 4
6 1 9 29 43 30 8
9 1 9 30 57 70 56 28 8 1
8 1 9 29 50 55 36 13 2
7 1 9 29 44 36 16 3
7 1 9 29 43 31 10 1
7 1 9 29 43 32 12 2
6 1 9 29 42 28 7
7 1 9 29 42 28 8 1
8 1 9 29 51 55 36 13 2
8 1 9 29 47 45 26 8 1
8 1 9 29 48 46 26 8 1
8 1 9 29 45 40 22 7 1
7 1 9 29 45 37 16 3
8 1 9 29 47 43 23 7 1
7 1 9 29 43 30 9 1
7 1 9 29 45 36 14 2
6 1 9 29 44 32 9
7 1 9 29 47 42 20 4
9 1 9 29 56 70 56 28 8 1
6 1 9 28 36 19 4
6 1 9 28 36 18 2
6 1 9 28 36 18 3
6 1 9 28 35 15 1
7 1 9 28 41 35 16 3
7 1 9 28 39 27 9 1
7 1 9 28 38 26 9 1
7 1 9 28 39 30 12 2
7 1 9 28 39 29 12 2
6 1 9 28 37 20 4
7 1 9 28 39 26 8 1
6 1 9 28 37 21 4
7 1 9 28 38 25 8 1
6 1 9 28 38 23 5
7 1 9 28 37 23 7 1
6 1 9 28 37 22 5
7 1 9 28 37 22 7 1
6 1 9 28 37 21 5
7 1 9 28 39 28 11 2
6 1 9 28 38 22 4
6 1 9 28 36 17 1
6 1 9 28 37 19 2
7 1 9 28 41 32 13 2
6 1 9 28 38 24 6
6 1 9 28 39 25 6
6 1 9 28 37 20 3
6 1 9 28 36 17 2
7 1 9 28 38 24 8 1
8 1 9 28 50 55 36 13 2
8 1 9 28 45 45 26 8 1
8 1 9 28 46 45 26 8 1
8 1 9 28 42 39 22 7 1
7 1 9 28 42 35 16 3
8 1 9 28 44 40 22 7 1
8 1 9 28 41 37 21 7 1
7 1 9 28 40 30 12 2
7 1 9 28 39 26 9 1
7 1 9 28 41 31 12 2
7 1 9 28 38 23 7 1
7 1 9 28 40 28 9 1
6 1 9 28 39 24 5
7 1 9 28 42 33 13 2
6 1 9 28 38 20 1
6 1 9 28 41 29 8
7 1 9 28 45 41 20 4
9 1 9 28 56 70 56 28 8 1
11 1 10 45 120 210 252 210 120 45 10 1
10 1 10 44 112 182 196 140 64 17 2
9 1 10 43 104 155 146 85 28 4
8 1 10 42 96 129 102 44 8
7 1 10 41 88 104 64 16
6 1 10 40 80 80 32
10 1 10 43 105 161 161 105 43 10 1
9 1 10 42 97 135 116 60 17 2
8 1 10 41 89 110 77 28 4
7 1 10 40 81 86 44 8
9 1 10 41 90 116 90 41 10 1
8 1 10 40 82 92 56 17 2
7 1 10 39 74 69 28 4
8 1 10 39 75 75 39 10 1
9 1 10 42 98 140 126 70 22 3
8 1 10 41 90 115 86 35 6
7 1 10 40 82 91 52 12
6 1 10 39 74 68 24
8 1 10 40 83 97 64 22 3
7 1 10 39 75 74 35 6
7 1 10 38 68 58 22 3
7 1 10 39 76 79 42 9
6 1 10 38 68 57 18
10 1 10 42 99 146 141 90 37 9 1
9 1 10 41 91 121 100 51 15 2
8 1 10 40 83 97 65 24 4
7 1 10 39 75 74 36 8
9 1 10 40 84 103 77 35 9 1
8 1 10 39 76 80 47 15 2
8 1 10 38 69 64 33 9 1
8 1 10 39 77 85 54 19 3
7 1 10 38 69 63 29 6
9 1 10 39 78 91 66 30 8 1
8 1 10 38 70 69 40 13 2
9 1 10 41 92 125 106 55 16 2
8 1 10 40 84 101 70 26 4
7 1 10 39 76 78 40 8
8 1 10 39 77 84 51 16 2
7 1 10 38 69 62 26 4
7 1 10 38 70 67 32 6
8 1 10 38 71 73 43 14 2
7 1 10 37 64 56 24 4
9 1 10 41 91 120 96 45 11 1
8 1 10 40 83 96 61 19 2
7 1 10 39 75 73 32 4
8 1 10 39 76 79 43 11 1
7 1 10 38 68 57 19 2
7 1 10 38 69 62 25 3
8 1 10 38 70 68 36 10 1
7 1 10 37 63 51 18 2
7 1 10 37 62 46 12 1
10 1 10 41 94 136 131 85 36 9 1
9 1 10 40 86 112 93 49 15 2
8 1 10 39 78 89 61 24 4
9 1 10 39 79 95 72 34 9 1
8 1 10 38 71 73 45 15 2
8 1 10 38 72 78 51 19 3
9 1 10 38 73 84 62 29 8 1
8 1 10 37 66 67 41 14 2
8 1 10 37 65 62 35 10 1
9 1 10 37 68 78 58 28 8 1
6 1 10 38 68 56 16
6 1 10 37 62 46 12
7 1 10 37 63 52 22 4
9 1 10 40 87 115 96 50 15 2
8 1 10 39 79 92 63 24 4
7 1 10 38 71 70 36 8
8 1 10 38 72 76 46 15 2
7 1 10 37 65 60 29 6
8 1 10 37 66 66 39 13 2
9 1 10 40 85 106 80 36 9 1
8 1 10 39 77 83 49 15 2
7 1 10 38 69 61 24 4
8 1 10 38 70 67 34 9 1
7 1 10 37 63 51 19 3
8 1 10 37 64 57 29 8 1
9 1 10 40 86 110 86 40 10 1
8 1 10 39 78 87 54 17 2
7 1 10 38 70 65 28 4
8 1 10 38 71 71 38 10 1
7 1 10 37 64 55 22 3
8 1 10 37 65 61 32 9 1
8 1 10 40 85 105 76 30 5
7 1 10 39 77 82 45 10
6 1 10 38 69 60 20
7 1 10 38 70 66 30 5
6 1 10 37 63 50 15
7 1 10 37 64 56 25 5
10 1 10 40 90 130 127 84 36 9 1
9 1 10 39 82 107 91 49 15 2
8 1 10 38 74 85 61 24 4
9 1 10 38 75 91 71 34 9 1
8 1 10 37 68 75 51 19 3
9 1 10 37 69 81 61 29 8 1
8 1 10 39 78 88 57 20 3
7 1 10 38 70 66 31 6
7 1 10 37 63 51 20 3
7 1 10 37 63 50 17 2
8 1 10 39 77 83 48 13 1
7 1 10 38 69 61 23 2
7 1 10 37 62 46 13 1
9 1 10 39 83 109 92 49 15 2
8 1 10 38 75 87 61 24 4
8 1 10 37 68 72 45 15 2
9 1 10 39 80 97 73 34 9 1
8 1 10 38 72 75 45 15 2
8 1 10 37 65 60 32 9 1
9 1 10 39 81 100 76 35 9 1
8 1 10 38 73 78 47 15 2
8 1 10 37 66 63 33 9 1
9 1 10 39 79 93 67 30 8 1
8 1 10 38 71 71 40 13 2
8 1 10 37 64 56 28 8 1
8 1 10 39 79 91 60 21 3
7 1 10 38 71 69 33 6
7 1 10 37 64 54 21 3
8 1 10 39 78 86 51 14 1
7 1 10 38 70 64 25 2
7 1 10 37 63 49 14 1
8 1 10 39 80 95 66 25 4
7 1 10 38 72 73 38 8
7 1 10 37 65 58 25 4
10 1 10 39 87 127 126 84 36 9 1
9 1 10 38 79 105 91 49 15 2
9 1 10 37 72 90 71 34 9 1
6 1 10 37 62 45 10
8 1 10 38 73 80 52 19 3
7 1 10 37 65 59 29 6
8 1 10 38 72 74 41 11 1
7 1 10 37 64 53 19 2
7 1 10 37 64 55 24 4
8 1 10 38 72 75 44 14 2
7 1 10 37 64 54 22 4
6 1 10 37 63 48 12
7 1 10 37 65 57 24 4
7 1 10 38 71 70 35 7
6 1 10 37 63 49 14
6 1 10 37 64 52 16
8 1 10 38 71 70 36 9 1
7 1 10 37 63 49 15 2
9 1 10 38 80 106 91 49 15 2
8 1 10 37 72 85 61 24 4
9 1 10 38 76 92 71 34 9 1
8 1 10 37 68 71 45 15 2
9 1 10 38 77 94 72 34 9 1
8 1 10 37 69 73 45 15 2
9 1 10 38 74 85 62 29 8 1
8 1 10 37 66 64 38 13 2
8 1 10 38 74 82 53 19 3
7 1 10 37 66 61 29 6
9 1 10 38 76 90 66 30 8 1
8 1 10 37 68 69 40 13 2
8 1 10 38 72 73 39 10 1
7 1 10 37 64 52 17 2
8 1 10 38 74 81 50 16 2
7 1 10 37 66 60 26 4
7 1 10 38 73 76 41 9
6 1 10 37 65 55 18
8 1 10 38 76 89 62 24 4
7 1 10 37 68 68 36 8
10 1 10 38 85 126 126 84 36 9 1
9 1 10 37 77 105 91 49 15 2
7 1 10 37 64 55 23 4
7 1 10 37 64 54 20 2
7 1 10 37 63 50 16 1
8 1 10 37 69 76 51 19 3
8 1 10 37 67 66 36 10 1
8 1 10 37 66 64 35 10 1
8 1 10 37 67 69 42 14 2
8 1 10 37 67 68 41 14 2
8 1 10 37 67 65 34 9 1
7 1 10 37 66 61 28 5
8 1 10 37 65 60 30 8 1
7 1 10 37 65 59 27 5
8 1 10 37 65 59 29 8 1
7 1 10 37 65 58 26 5
8 1 10 37 67 67 39 13 2
7 1 10 37 64 53 18 1
7 1 10 37 65 56 21 2
7 1 10 37 66 62 30 6
7 1 10 37 67 64 31 6
7 1 10 37 65 57 23 3
8 1 10 37 66 62 32 9 1
9 1 10 37 78 105 91 49 15 2
9 1 10 37 73 90 71 34 9 1
9 1 10 37 74 91 71 34 9 1
9 1 10 37 70 81 61 29 8 1
8 1 10 37 70 77 51 19 3
9 1 10 37 72 84 62 29 8 1
9 1 10 37 69 78 58 28 8 1
8 1 10 37 68 70 42 14 2
8 1 10 37 67 65 35 10 1
8 1 10 37 69 72 43 14 2
8 1 10 37 66 61 30 8 1
8 1 10 37 68 68 37 10 1
7 1 10 37 67 63 29 5
8 1 10 37 70 75 46 15 2
7 1 10 37 66 58 21 1
7 1 10 37 69 70 37 8
8 1 10 37 73 86 61 24 4
10 1 10 37 84 126 126 84 36 9 1
6 1 10 36 56 35 6
7 1 10 36 59 49 22 4
7 1 10 36 58 43 13 1
7 1 10 36 58 44 17 3
7 1 10 36 57 40 12 1
7 1 10 36 58 45 18 3
7 1 10 36 58 44 15 2
7 1 10 36 58 44 16 2
6 1 10 36 57 38 7
7 1 10 36 59 47 17 2
6 1 10 36 58 42 11
6 1 10 36 57 39 9
6 1 10 36 58 43 12
7 1 10 36 58 43 14 2
6 1 10 36 57 38 8
7 1 10 36 59 47 19 3
7 1 10 36 57 39 10 1
7 1 10 36 58 42 12 1
6 1 10 36 57 39 10
8 1 10 36 66 75 51 19 3
8 1 10 36 63 62 35 10 1
8 1 10 36 62 61 35 10 1
8 1 10 36 63 66 41 14 2
8 1 10 36 63 65 41 14 2
7 1 10 36 60 50 22 4
8 1 10 36 62 57 29 8 1
7 1 10 36 60 51 22 4
8 1 10 36 61 56 29 8 1
7 1 10 36 61 54 25 5
8 1 10 36 60 54 28 8 1
7 1 10 36 60 53 25 5
8 1 10 36 60 53 28 8 1
8 1 10 36 62 63 38 13 2
8 1 10 36 61 57 31 9 1
7 1 10 36 60 52 25 5
8 1 10 36 62 61 37 13 2
7 1 10 36 59 46 18 3
7 1 10 36 60 48 17 2
7 1 10 36 59 45 15 2
8 1 10 36 63 60 32 9 1
7 1 10 36 60 50 20 3
8 1 10 36 61 55 28 8 1
7 1 10 36 61 52 21 3
7 1 10 36 59 48 19 3
7 1 10 36 59 46 16 2
7 1 10 36 59 45 14 1
7 1 10 36 61 53 23 4
8 1 10 36 59 49 24 7 1
7 1 10 36 60 52 23 4
7 1 10 36 59 47 18 3
7 1 10 36 58 43 15 2
8 1 10 36 60 52 27 8 1
7 1 10 36 60 50 21 4
8 1 10 36 63 63 38 13 2
6 1 10 36 59 43 10
7 1 10 36 62 55 24 4
6 1 10 36 59 45 13
6 1 10 36 60 47 14
7 1 10 36 58 41 10 1
6 1 10 36 58 40 8
8 1 10 36 66 71 45 15 2
7 1 10 36 62 58 29 6
7 1 10 36 63 59 29 6
7 1 10 36 60 49 18 2
6 1 10 36 58 41 10
7 1 10 36 60 49 19 3
7 1 10 36 57 38 9 1
7 1 10 36 58 42 13 1
8 1 10 36 62 58 32 9 1
9 1 10 36 77 105 91 49 15 2
9 1 10 36 71 90 71 34 9 1
9 1 10 36 72 90 71 34 9 1
9 1 10 36 67 80 61 29 8 1
8 1 10 36 67 75 51 19 3
9 1 10 36 69 81 61 29 8 1
9 1 10 36 65 75 57 28 8 1
8 1 10 36 64 66 41 14 2
8 1 10 36 63 61 35 10 1
8 1 10 36 65 67 41 14 2
9 1 10 36 68 78 58 28 8 1
8 1 10 36 61 54 28 8 1
7 1 10 36 62 55 25 5
8 1 10 36 65 66 39 13 2
8 1 10 36 60 50 24 7 1
7 1 10 36 61 51 20 3
8 1 10 36 64 62 33 9 1
7 1 10 36 60 46 13 1
7 1 10 36 63 57 25 4
8 1 10 36 67 72 45 15 2
6 1 10 36 62 52 17
7 1 10 36 66 67 36 8
8 1 10 36 71 85 61 24 4
10 1 10 36 84 126 126 84 36 9 1
12 1 11 55 165 330 462 462 330 165 55 11 1
11 1 11 54 156 294 378 336 204 81 19 2
10 1 11 53 147 259 301 231 113 32 4
9 1 11 52 138 225 231 146 52 8
8 1 11 51 129 192 168 80 16
7 1 11 50 120 160 112 32
11 1 11 53 148 266 322 266 148 53 11 1
10 1 11 52 139 232 251 176 77 19 2
9 1 11 51 130 199 187 105 32 4
8 1 11 50 121 167 130 52 8
7 1 11 49 112 136 80 16
10 1 11 51 131 206 206 131 51 11 1
9 1 11 50 122 174 148 73 19 2
8 1 11 49 113 143 97 32 4
9 1 11 49 114 150 114 49 11 1
8 1 11 48 105 120 69 19 2
10 1 11 52 140 238 266 196 92 25 3
9 1 11 51 131 205 201 121 41 6
8 1 11 50 122 173 143 64 12
7 1 11 49 113 142 92 24
9 1 11 50 123 180 161 86 25 3
8 1 11 49 114 149 109 41 6
7 1 11 48 105 119 64 12
8 1 11 48 106 126 80 25 3
8 1 11 49 115 155 121 51 9
7 1 11 48 106 125 75 18
7 1 11 47 98 103 51 9
11 1 11 52 141 245 287 231 127 46 10 1
10 1 11 51 132 212 221 151 66 17 2
9 1 11 50 123 180 162 89 28 4
8 1 11 49 114 149 110 44 8
10 1 11 50 124 187 180 112 44 10 1
9 1 11 49 115 156 127 62 17 2
8 1 11 48 106 126 81 28 4
9 1 11 48 107 133 97 42 10 1
9 1 11 49 116 162 139 73 22 3
8 1 11 48 107 132 92 35 6
8 1 11 47 99 110 67 22 3
10 1 11 49 117 169 157 96 38 9 1
9 1 11 48 108 139 109 53 15 2
9 1 11 47 100 117 83 36 9 1
10 1 11 51 133 217 231 161 71 18 2
9 1 11 50 124 185 171 96 30 4
8 1 11 49 115 154 118 48 8
7 1 11 48 106 124 72 16
9 1 11 49 116 161 135 67 18 2
8 1 11 48 107 131 88 30 4
8 1 11 47 99 109 63 18 2
8 1 11 48 108 137 99 38 6
7 1 11 47 99 108 58 12
9 1 11 48 109 144 116 57 16 2
8 1 11 47 100 115 74 26 4
8 1 11 47 101 120 80 28 4
10 1 11 51 132 211 216 141 56 12 1
9 1 11 50 123 179 157 80 21 2
8 1 11 49 114 148 105 36 4
7 1 11 48 105 118 60 8
9 1 11 49 115 155 122 54 12 1
8 1 11 48 106 125 76 21 2
8 1 11 47 98 103 52 12 1
8 1 11 48 107 131 87 28 3
7 1 11 47 98 102 47 6
9 1 11 48 108 138 104 46 11 1
8 1 11 47 99 109 63 19 2
8 1 11 47 100 114 69 20 2
8 1 11 47 99 108 58 13 1
11 1 11 51 135 230 267 216 121 45 10 1
10 1 11 50 126 198 205 142 64 17 2
9 1 11 49 117 167 150 85 28 4
8 1 11 48 108 137 102 44 8
10 1 11 49 118 174 167 106 43 10 1
9 1 11 48 109 144 118 60 17 2
9 1 11 47 101 122 91 41 10 1
9 1 11 48 110 150 129 70 22 3
8 1 11 47 101 121 86 35 6
10 1 11 48 111 157 146 91 37 9 1
9 1 11 47 102 128 102 51 15 2
9 1 11 47 103 133 108 55 16 2
9 1 11 47 102 127 97 45 11 1
10 1 11 47 105 146 136 86 36 9 1
7 1 11 47 98 102 48 8
7 1 11 46 92 92 44 8
7 1 11 46 91 86 34 4
8 1 11 46 94 105 70 26 4
10 1 11 50 127 202 211 146 65 17 2
9 1 11 49 118 171 155 87 28 4
8 1 11 48 109 141 106 44 8
9 1 11 48 110 148 122 61 17 2
8 1 11 47 101 119 79 28 4
8 1 11 47 102 125 89 35 6
9 1 11 47 103 132 105 52 15 2
8 1 11 46 95 109 72 26 4
8 1 11 46 94 103 62 19 2
9 1 11 46 97 122 98 50 15 2
10 1 11 50 125 191 186 116 45 10 1
9 1 11 49 116 160 132 64 17 2
8 1 11 48 107 130 85 28 4
9 1 11 48 108 137 101 43 10 1
8 1 11 47 99 108 60 17 2
8 1 11 47 100 114 70 22 3
9 1 11 47 101 121 86 37 9 1
8 1 11 46 93 98 55 16 2
8 1 11 46 92 92 45 11 1
9 1 11 46 95 111 81 36 9 1
10 1 11 50 126 196 196 126 50 11 1
9 1 11 49 117 165 141 71 19 2
8 1 11 48 108 135 93 32 4
9 1 11 48 109 142 109 48 11 1
8 1 11 47 100 113 67 19 2
8 1 11 47 101 119 77 25 3
9 1 11 47 102 126 93 41 10 1
8 1 11 46 94 103 61 18 2
8 1 11 46 93 97 51 12 1
9 1 11 46 96 116 87 40 10 1
9 1 11 50 125 190 181 106 35 5
8 1 11 49 116 159 127 55 10
7 1 11 48 107 129 80 20
8 1 11 48 108 136 96 35 5
7 1 11 47 99 107 55 10
7 1 11 47 100 113 65 15
8 1 11 47 101 120 81 30 5
7 1 11 46 93 97 50 10
7 1 11 46 92 91 40 5
8 1 11 46 95 110 76 30 5
11 1 11 50 130 220 257 211 120 45 10 1
10 1 11 49 121 189 198 140 64 17 2
9 1 11 48 112 159 146 85 28 4
10 1 11 48 113 166 162 105 43 10 1
9 1 11 47 104 137 116 60 17 2
9 1 11 47 105 143 126 70 22 3
10 1 11 47 106 150 142 90 37 9 1
9 1 11 46 98 127 106 55 16 2
9 1 11 46 97 121 96 45 11 1
10 1 11 46 100 140 132 85 36 9 1
9 1 11 49 117 166 145 77 23 3
8 1 11 48 108 136 97 37 6
7 1 11 47 99 107 56 12
8 1 11 47 100 114 71 23 3
7 1 11 46 92 92 45 9
8 1 11 46 93 99 60 20 3
7 1 11 47 99 106 52 8
7 1 11 46 92 91 41 6
8 1 11 46 93 98 56 17 2
9 1 11 49 116 160 131 61 14 1
8 1 11 48 107 130 84 25 2
7 1 11 47 98 101 44 4
8 1 11 47 99 108 59 14 1
7 1 11 46 91 86 34 3
8 1 11 46 92 93 49 13 1
10 1 11 49 122 192 201 141 64 17 2
9 1 11 48 113 162 148 85 28 4
8 1 11 47 104 133 102 44 8
9 1 11 47 105 140 117 60 17 2
8 1 11 46 97 118 86 35 6
9 1 11 46 98 125 101 51 15 2
10 1 11 49 119 177 170 107 43 10 1
9 1 11 48 110 147 120 60 17 2
8 1 11 47 101 118 77 28 4
9 1 11 47 102 125 92 41 10 1
8 1 11 46 94 103 64 22 3
9 1 11 46 95 110 79 35 9 1
10 1 11 49 120 181 176 111 44 10 1
9 1 11 48 111 151 125 62 17 2
8 1 11 47 102 122 81 28 4
9 1 11 47 103 129 96 42 10 1
8 1 11 46 95 107 67 22 3
9 1 11 46 96 114 82 36 9 1
10 1 11 49 118 172 160 97 38 9 1
9 1 11 48 109 142 111 53 15 2
8 1 11 47 100 113 69 24 4
9 1 11 47 101 120 84 36 9 1
8 1 11 46 93 98 57 19 3
9 1 11 46 94 105 72 31 8 1
9 1 11 49 118 170 151 81 24 3
8 1 11 48 109 140 102 39 6
7 1 11 47 100 111 60 12
8 1 11 47 101 118 75 24 3
7 1 11 46 93 96 48 9
8 1 11 46 94 103 63 21 3
9 1 11 49 117 164 137 65 15 1
8 1 11 48 108 134 89 27 2
7 1 11 47 99 105 48 4
8 1 11 47 100 112 63 15 1
7 1 11 46 92 90 37 3
8 1 11 46 93 97 52 14 1
9 1 11 49 119 175 161 91 29 4
8 1 11 48 110 145 111 46 8
7 1 11 47 101 116 68 16
8 1 11 47 102 123 83 29 4
7 1 11 46 94 101 55 12
8 1 11 46 95 108 70 25 4
11 1 11 49 126 214 253 210 120 45 10 1
10 1 11 48 117 184 196 140 64 17 2
9 1 11 47 108 155 146 85 28 4
10 1 11 47 109 162 161 105 43 10 1
9 1 11 46 101 140 126 70 22 3
10 1 11 46 102 147 141 90 37 9 1
7 1 11 46 91 86 35 5
9 1 11 48 111 153 132 71 22 3
8 1 11 47 102 124 88 35 6
8 1 11 46 94 103 65 22 3
9 1 11 48 110 146 115 52 12 1
8 1 11 47 101 117 72 21 2
8 1 11 46 93 96 50 12 1
8 1 11 46 92 92 46 11 1
8 1 11 46 93 98 57 17 2
9 1 11 48 110 147 119 58 16 2
8 1 11 47 101 118 76 26 4
8 1 11 46 93 97 54 16 2
7 1 11 46 92 90 39 6
8 1 11 46 94 101 58 17 2
8 1 11 48 109 141 105 42 7
7 1 11 47 100 112 63 14
7 1 11 46 92 91 42 7
7 1 11 46 93 95 46 8
9 1 11 48 109 141 106 45 10 1
8 1 11 47 100 112 64 17 2
8 1 11 46 92 91 43 10 1
10 1 11 48 118 186 197 140 64 17 2
9 1 11 47 109 157 146 85 28 4
9 1 11 46 101 136 116 60 17 2
10 1 11 48 114 168 163 105 43 10 1
9 1 11 47 105 139 116 60 17 2
9 1 11 46 97 118 90 41 10 1
10 1 11 48 115 171 166 106 43 10 1
9 1 11 47 106 142 118 60 17 2
9 1 11 46 98 121 91 41 10 1
10 1 11 48 112 159 147 91 37 9 1
9 1 11 47 103 130 102 51 15 2
9 1 11 46 95 109 78 35 9 1
9 1 11 48 112 156 135 72 22 3
8 1 11 47 103 127 90 35 6
8 1 11 46 95 106 66 22 3
10 1 11 48 114 166 156 96 38 9 1
9 1 11 47 105 137 109 53 15 2
9 1 11 46 97 116 83 36 9 1
9 1 11 48 110 145 112 49 11 1
8 1 11 47 101 116 69 19 2
8 1 11 46 93 95 47 11 1
9 1 11 48 112 155 131 66 18 2
8 1 11 47 103 126 86 30 4
8 1 11 46 95 105 62 18 2
8 1 11 48 111 149 117 50 9
7 1 11 47 102 120 73 18
7 1 11 46 94 99 50 9
9 1 11 48 114 165 151 86 28 4
8 1 11 47 105 136 104 44 8
8 1 11 46 97 115 78 28 4
11 1 11 48 123 211 252 210 120 45 10 1
10 1 11 47 114 182 196 140 64 17 2
10 1 11 46 106 161 161 105 43 10 1
8 1 11 47 101 119 78 27 4
7 1 11 46 92 91 42 8
8 1 11 47 101 118 74 22 2
7 1 11 46 92 90 38 4
8 1 11 47 100 113 66 17 1
7 1 11 46 91 85 31 2
9 1 11 47 106 145 127 70 22 3
8 1 11 46 97 117 86 35 6
9 1 11 47 104 133 102 46 11 1
8 1 11 46 95 105 63 19 2
9 1 11 47 103 130 99 45 11 1
8 1 11 46 94 102 61 19 2
9 1 11 47 104 136 111 56 16 2
8 1 11 46 95 108 72 26 4
9 1 11 47 104 135 109 55 16 2
8 1 11 46 95 107 70 26 4
7 1 11 46 93 94 44 8
9 1 11 47 104 132 99 43 10 1
8 1 11 46 95 104 60 17 2
8 1 11 47 103 127 89 33 5
7 1 11 46 94 99 51 10
9 1 11 47 102 125 90 38 9 1
8 1 11 46 93 97 53 15 2
8 1 11 47 102 124 86 32 5
7 1 11 46 93 96 49 10
9 1 11 47 102 124 88 37 9 1
8 1 11 46 93 96 51 15 2
8 1 11 47 102 123 84 31 5
7 1 11 46 93 95 47 10
9 1 11 47 104 134 106 52 15 2
8 1 11 46 95 106 67 24 4
7 1 11 46 94 98 48 8
8 1 11 47 101 117 71 19 1
7 1 11 46 92 89 35 2
8 1 11 47 102 121 77 23 2
7 1 11 46 93 93 40 4
8 1 11 46 97 114 77 28 4
8 1 11 47 103 128 92 36 6
7 1 11 46 94 100 54 12
8 1 11 47 104 131 95 37 6
7 1 11 46 95 103 56 12
8 1 11 47 102 122 80 26 3
7 1 11 46 93 94 43 6
7 1 11 46 92 89 36 4
9 1 11 47 103 128 94 41 10 1
8 1 11 46 94 100 56 17 2
10 1 11 47 115 183 196 140 64 17 2
9 1 11 46 106 155 146 85 28 4
10 1 11 47 110 163 161 105 43 10 1
9 1 11 46 101 135 116 60 17 2
10 1 11 47 111 165 162 105 43 10 1
9 1 11 46 102 137 116 60 17 2
10 1 11 47 107 151 142 90 37 9 1
9 1 11 46 98 123 100 51 15 2
9 1 11 47 107 147 128 70 22 3
8 1 11 46 98 119 86 35 6
10 1 11 47 109 156 146 91 37 9 1
9 1 11 46 100 128 102 51 15 2
10 1 11 47 106 147 136 86 36 9 1
9 1 11 46 97 119 95 49 15 2
9 1 11 47 105 138 112 56 16 2
8 1 11 46 96 110 72 26 4
9 1 11 47 104 132 100 45 11 1
8 1 11 46 95 104 61 19 2
9 1 11 47 106 141 115 57 16 2
8 1 11 46 97 113 74 26 4
9 1 11 47 103 127 91 38 9 1
8 1 11 46 94 99 53 15 2
9 1 11 47 105 136 105 47 11 1
8 1 11 46 96 108 65 19 2
8 1 11 47 104 130 92 34 5
7 1 11 46 95 102 53 10
9 1 11 47 107 145 121 61 17 2
8 1 11 46 98 117 79 28 4
8 1 11 47 103 124 79 22 1
7 1 11 46 94 96 41 2
8 1 11 47 106 139 107 45 8
7 1 11 46 97 111 66 16
9 1 11 47 110 159 147 85 28 4
8 1 11 46 101 131 102 44 8
11 1 11 47 121 210 252 210 120 45 10 1
10 1 11 46 112 182 196 140 64 17 2
8 1 11 46 95 108 71 26 4
8 1 11 46 94 101 56 14 1
8 1 11 46 94 102 61 20 3
8 1 11 46 93 97 52 13 1
8 1 11 46 94 102 59 17 2
8 1 11 46 94 102 60 18 2
7 1 11 46 93 95 45 7
8 1 11 46 95 106 64 19 2
7 1 11 46 94 100 53 11
8 1 11 46 94 101 57 16 2
8 1 11 46 93 96 49 11 1
8 1 11 46 94 100 54 13 1
9 1 11 46 102 141 126 70 22 3
9 1 11 46 99 125 97 45 11 1
9 1 11 46 98 123 96 45 11 1
9 1 11 46 99 129 107 55 16 2
9 1 11 46 99 128 106 55 16 2
9 1 11 46 98 119 86 37 9 1
8 1 11 46 96 111 73 26 4
9 1 11 46 97 117 85 37 9 1
8 1 11 46 97 115 79 30 5
8 1 11 46 96 113 78 30 5
9 1 11 46 96 113 81 36 9 1
9 1 11 46 97 118 88 40 10 1
8 1 11 46 96 112 77 30 5
9 1 11 46 98 123 98 50 15 2
8 1 11 46 95 105 64 21 3
9 1 11 46 99 123 92 41 10 1
8 1 11 46 96 110 70 23 3
8 1 11 46 97 113 73 24 3
8 1 11 46 95 104 59 15 1
8 1 11 46 97 114 76 27 4
9 1 11 46 95 108 73 31 8 1
8 1 11 46 96 112 75 27 4
8 1 11 46 95 106 65 21 3
9 1 11 46 96 112 79 35 9 1
8 1 11 46 96 110 71 25 4
9 1 11 46 99 126 101 51 15 2
7 1 11 46 95 104 58 13
7 1 11 46 96 107 61 14
8 1 11 46 94 99 51 11 1
8 1 11 46 98 120 87 35 6
8 1 11 46 99 122 88 35 6
8 1 11 46 96 109 67 20 2
8 1 11 46 96 109 68 22 3
8 1 11 46 93 95 47 10 1
8 1 11 46 94 100 55 14 1
9 1 11 46 98 120 90 41 10 1
10 1 11 46 113 182 196 140 64 17 2
10 1 11 46 107 161 161 105 43 10 1
10 1 11 46 108 162 161 105 43 10 1
10 1 11 46 103 147 141 90 37 9 1
9 1 11 46 103 142 126 70 22 3
10 1 11 46 105 150 142 90 37 9 1
10 1 11 46 101 140 132 85 36 9 1
9 1 11 46 100 130 107 55 16 2
9 1 11 46 99 124 96 45 11 1
9 1 11 46 101 132 108 55 16 2
10 1 11 46 104 146 136 86 36 9 1
9 1 11 46 97 115 82 36 9 1
8 1 11 46 98 117 80 30 5
9 1 11 46 101 131 105 52 15 2
9 1 11 46 96 110 74 31 8 1
8 1 11 46 97 112 71 23 3
9 1 11 46 100 126 95 42 10 1
8 1 11 46 96 106 59 14 1
8 1 11 46 99 120 82 29 4
9 1 11 46 103 139 117 60 17 2
7 1 11 46 98 114 69 17
8 1 11 46 102 133 103 44 8
9 1 11 46 107 156 146 85 28 4
11 1 11 46 120 210 252 210 120 45 10 1
7 1 11 45 85 76 31 5
7 1 11 45 85 75 27 2
7 1 11 45 85 75 28 4
7 1 11 45 85 75 28 3
7 1 11 45 84 70 21 1
8 1 11 45 90 102 70 26 4
8 1 11 45 88 90 49 13 1
8 1 11 45 88 92 57 20 3
8 1 11 45 87 87 48 13 1
8 1 11 45 88 93 58 20 3
8 1 11 45 88 92 54 17 2
8 1 11 45 88 92 55 17 2
7 1 11 45 86 79 32 5
8 1 11 45 88 89 46 11 1
7 1 11 45 87 84 39 7
7 1 11 45 86 80 34 5
8 1 11 45 87 86 44 11 1
7 1 11 45 87 85 40 7
8 1 11 45 87 85 42 10 1
7 1 11 45 86 80 36 7
8 1 11 45 88 91 55 19 3
8 1 11 45 86 81 39 10 1
8 1 11 45 87 87 49 15 2
8 1 11 45 87 86 46 14 2
8 1 11 45 87 85 43 11 1
8 1 11 45 86 82 41 10 1
7 1 11 45 86 81 37 7
8 1 11 45 86 81 38 9 1
7 1 11 45 86 81 38 7
7 1 11 45 86 80 34 6
8 1 11 45 88 91 51 15 2
7 1 11 45 87 85 41 8
7 1 11 45 86 80 35 6
8 1 11 45 88 91 53 16 2
7 1 11 45 87 83 35 4
7 1 11 45 86 78 29 3
7 1 11 45 85 74 24 1
7 1 11 45 86 79 30 2
8 1 11 45 90 99 61 19 2
7 1 11 45 88 88 43 8
7 1 11 45 88 90 47 10
8 1 11 45 88 90 50 15 2
7 1 11 45 86 78 29 2
7 1 11 45 88 88 44 9
7 1 11 45 86 79 31 3
7 1 11 45 87 84 38 6
7 1 11 45 87 83 36 5
7 1 11 45 86 80 33 4
7 1 11 45 86 79 32 4
8 1 11 45 88 90 51 16 2
7 1 11 45 85 74 26 3
7 1 11 45 86 79 33 5
7 1 11 45 87 83 37 6
7 1 11 45 85 74 25 2
7 1 11 45 86 78 30 4
8 1 11 45 90 99 64 22 3
8 1 11 45 88 88 45 11 1
8 1 11 45 86 80 36 9 1
7 1 11 45 85 74 25 1
7 1 11 45 87 85 43 9
9 1 11 45 99 140 126 70 22 3
9 1 11 45 95 121 96 45 11 1
9 1 11 45 94 120 96 45 11 1
9 1 11 45 95 126 106 55 16 2
9 1 11 45 95 125 106 55 16 2
8 1 11 45 91 103 70 26 4
9 1 11 45 93 111 81 36 9 1
8 1 11 45 91 104 70 26 4
9 1 11 45 92 110 81 36 9 1
8 1 11 45 92 108 76 30 5
9 1 11 45 91 108 80 36 9 1
8 1 11 45 91 107 76 30 5
9 1 11 45 91 107 80 36 9 1
9 1 11 45 93 119 97 50 15 2
9 1 11 45 92 112 86 40 10 1
8 1 11 45 91 106 76 30 5
9 1 11 45 93 117 96 50 15 2
8 1 11 45 89 94 58 20 3
8 1 11 45 90 96 56 17 2
8 1 11 45 88 89 48 13 1
8 1 11 45 89 95 59 20 3
8 1 11 45 89 93 54 17 2
9 1 11 45 93 110 79 35 9 1
8 1 11 45 90 98 60 20 3
9 1 11 45 91 104 72 31 8 1
8 1 11 45 91 101 63 21 3
8 1 11 45 89 96 59 20 3
8 1 11 45 89 95 56 17 2
8 1 11 45 89 94 55 17 2
9 1 11 45 91 107 78 35 9 1
8 1 11 45 90 99 62 21 3
8 1 11 45 89 93 52 14 1
8 1 11 45 91 103 68 25 4
9 1 11 45 90 104 75 34 9 1
8 1 11 45 89 97 61 21 3
9 1 11 45 89 98 68 30 8 1
8 1 11 45 88 91 51 14 1
8 1 11 45 90 102 68 25 4
8 1 11 45 89 96 60 21 3
8 1 11 45 88 91 54 17 2
9 1 11 45 90 102 74 34 9 1
8 1 11 45 89 96 61 21 3
9 1 11 45 91 106 77 35 9 1
8 1 11 45 90 100 66 25 4
9 1 11 45 93 116 94 49 15 2
8 1 11 45 89 91 48 12 1
8 1 11 45 87 84 41 10 1
8 1 11 45 88 90 52 16 2
8 1 11 45 88 88 47 14 2
7 1 11 45 88 85 37 6
8 1 11 45 91 99 58 17 2
7 1 11 45 88 87 41 7
8 1 11 45 89 93 53 16 2
7 1 11 45 89 90 44 8
8 1 11 45 87 83 38 9 1
7 1 11 45 87 82 35 6
8 1 11 45 89 92 51 15 2
9 1 11 45 95 118 90 41 10 1
8 1 11 45 91 102 65 22 3
9 1 11 45 92 108 78 35 9 1
8 1 11 45 92 104 66 22 3
8 1 11 45 89 94 54 16 2
8 1 11 45 89 92 49 12 1
8 1 11 45 90 97 57 17 2
8 1 11 45 89 91 47 11 1
8 1 11 45 91 100 60 18 2
8 1 11 45 88 90 48 12 1
7 1 11 45 89 91 46 9
8 1 11 45 92 106 71 26 4
8 1 11 45 87 86 47 14 2
9 1 11 45 89 97 67 30 8 1
7 1 11 45 88 89 45 9
8 1 11 45 87 84 40 10 1
8 1 11 45 91 105 71 26 4
7 1 11 45 87 84 40 8
8 1 11 45 89 94 56 19 3
8 1 11 45 86 80 37 9 1
8 1 11 45 87 85 44 11 1
8 1 11 45 88 89 49 15 2
9 1 11 45 91 105 77 35 9 1
7 1 11 45 88 87 42 9
8 1 11 45 91 102 66 24 4
9 1 11 45 95 122 100 51 15 2
7 1 11 45 90 93 46 8
7 1 11 45 87 81 30 1
7 1 11 45 88 84 33 2
8 1 11 45 94 112 77 28 4
7 1 11 45 90 96 53 12
7 1 11 45 91 98 54 12
7 1 11 45 88 86 38 5
7 1 11 45 88 85 36 4
7 1 11 45 90 94 49 10
7 1 11 45 86 78 28 1
7 1 11 45 88 89 46 10
7 1 11 45 87 82 33 3
7 1 11 45 86 77 27 2
8 1 11 45 88 87 43 11 1
8 1 11 45 91 100 61 19 2
9 1 11 45 99 135 116 60 17 2
8 1 11 45 94 116 86 35 6
8 1 11 45 95 117 86 35 6
8 1 11 45 91 101 62 19 2
8 1 11 45 93 108 72 26 4
8 1 11 45 90 100 65 24 4
7 1 11 45 89 92 48 10
7 1 11 45 88 87 42 8
8 1 11 45 90 96 55 16 2
7 1 11 45 87 82 34 4
7 1 11 45 86 78 30 3
7 1 11 45 87 83 38 7
7 1 11 45 88 86 39 6
8 1 11 45 91 101 64 22 3
8 1 11 45 87 83 39 10 1
8 1 11 45 88 89 49 13 1
8 1 11 45 88 87 43 10 1
7 1 11 45 87 81 32 4
9 1 11 45 94 116 90 41 10 1
10 1 11 45 112 182 196 140 64 17 2
10 1 11 45 105 161 161 105 43 10 1
10 1 11 45 106 161 161 105 43 10 1
10 1 11 45 100 146 141 90 37 9 1
9 1 11 45 100 140 126 70 22 3
10 1 11 45 102 147 141 90 37 9 1
10 1 11 45 97 137 131 85 36 9 1
9 1 11 45 96 126 106 55 16 2
9 1 11 45 95 120 96 45 11 1
9 1 11 45 97 127 106 55 16 2
10 1 11 45 100 140 132 85 36 9 1
10 1 11 45 96 134 128 84 36 9 1
9 1 11 45 94 119 97 50 15 2
9 1 11 45 92 108 80 36 9 1
9 1 11 45 94 115 87 40 10 1
8 1 11 45 93 109 76 30 5
9 1 11 45 96 122 98 50 15 2
9 1 11 45 91 104 75 34 9 1
9 1 11 45 90 99 68 30 8 1
8 1 11 45 91 100 62 21 3
9 1 11 45 94 113 82 36 9 1
8 1 11 45 90 94 51 14 1
8 1 11 45 93 107 70 25 4
9 1 11 45 97 125 101 51 15 2
8 1 11 45 90 95 54 16 2
8 1 11 45 89 89 43 10 1
8 1 11 45 92 102 61 18 2
9 1 11 45 96 120 91 41 10 1
7 1 11 45 91 96 49 9
8 1 11 45 95 114 78 28 4
9 1 11 45 100 136 116 60 17 2
7 1 11 45 90 90 37 1
7 1 11 45 94 108 65 16
8 1 11 45 99 130 102 44 8
9 1 11 45 105 155 146 85 28 4
11 1 11 45 120 210 252 210 120 45 10 1
13 1 12 66 220 495 792 924 792 495 220 66 12 1
12 1 12 65 210 450 672 714 540 285 100 21 2
11 1 12 64 200 406 560 532 344 145 36 4
10 1 12 63 190 363 456 377 198 60 8
9 1 12 62 180 321 360 248 96 16
8 1 12 61 170 280 272 144 32
7 1 12 60 160 240 192 64
12 1 12 64 201 414 588 588 414 201 64 12 1
11 1 12 63 191 371 483 427 253 96 21 2
10 1 12 62 181 329 386 292 137 36 4
9 1 12 61 171 288 297 182 60 8
8 1 12 60 161 248 216 96 16
11 1 12 62 182 337 412 337 182 62 12 1
10 1 12 61 172 296 322 221 92 21 2
9 1 12 60 162 256 240 129 36 4
8 1 12 59 152 217 166 60 8
10 1 12 60 163 264 264 163 60 12 1
9 1 12 59 153 225 189 88 21 2
9 1 12 58 144 195 144 58 12 1
11 1 12 63 192 378 504 462 288 117 28 3
10 1 12 62 182 336 406 322 162 47 6
9 1 12 61 172 295 316 207 76 12
8 1 12 60 162 255 234 116 24
7 1 12 59 152 216 160 48
10 1 12 61 173 303 341 247 111 28 3
9 1 12 60 163 263 258 150 47 6
8 1 12 59 153 224 183 76 12
9 1 12 59 154 232 206 105 28 3
8 1 12 58 144 194 138 47 6
9 1 12 60 164 270 276 172 60 9
8 1 12 59 154 231 200 93 18
7 1 12 58 144 193 132 36
8 1 12 58 145 201 154 60 9
7 1 12 57 136 171 108 27
12 1 12 63 193 386 532 518 358 173 56 11 1
11 1 12 62 183 344 433 372 217 83 19 2
10 1 12 61 173 303 342 251 117 32 4
9 1 12 60 163 263 259 154 52 8
8 1 12 59 153 224 184 80 16
11 1 12 61 174 311 367 292 156 54 11 1
10 1 12 60 164 271 283 189 79 19 2
9 1 12 59 154 232 207 109 32 4
10 1 12 59 155 240 230 139 52 11 1
9 1 12 58 145 202 161 75 19 2
10 1 12 60 165 278 301 212 95 25 3
9 1 12 59 155 239 224 127 41 6
8 1 12 58 145 201 155 64 12
9 1 12 58 146 209 177 89 25 3
8 1 12 57 137 179 130 51 9
11 1 12 60 166 286 326 253 134 47 10 1
10 1 12 59 156 247 248 162 68 17 2
9 1 12 58 146 209 178 93 28 4
10 1 12 58 147 217 200 119 45 10 1
9 1 12 57 138 187 152 76 22 3
10 1 12 57 139 195 174 102 39 9 1
11 1 12 62 184 350 448 392 232 89 20 2
10 1 12 61 174 309 356 267 126 34 4
9 1 12 60 164 269 272 166 56 8
8 1 12 59 154 230 196 88 16
10 1 12 60 165 277 296 202 85 20 2
9 1 12 59 155 238 219 118 34 4
8 1 12 58 145 200 150 56 8
9 1 12 58 146 208 172 81 20 2
9 1 12 59 156 245 236 137 44 6
8 1 12 58 146 207 166 70 12
8 1 12 57 137 178 125 44 6
10 1 12 59 157 253 260 173 73 18 2
9 1 12 58 147 215 189 100 30 4
9 1 12 57 138 186 147 69 18 2
9 1 12 58 148 221 200 108 32 4
8 1 12 57 138 184 136 52 8
11 1 12 62 183 343 427 357 197 68 13 1
10 1 12 61 173 302 336 237 101 23 2
9 1 12 60 163 262 253 141 40 4
8 1 12 59 153 223 178 68 8
10 1 12 60 164 270 277 176 66 13 1
9 1 12 59 154 231 201 97 23 2
8 1 12 58 144 193 133 40 4
9 1 12 58 145 201 155 64 13 1
9 1 12 59 155 238 218 115 31 3
8 1 12 58 145 200 149 53 6
8 1 12 57 136 171 109 31 3
10 1 12 59 156 246 242 150 57 12 1
9 1 12 58 146 208 172 82 21 2
9 1 12 57 137 179 131 55 12 1
9 1 12 58 147 214 183 89 22 2
8 1 12 57 137 177 120 38 4
9 1 12 58 146 207 166 71 14 1
8 1 12 57 136 170 104 25 2
12 1 12 62 186 365 497 483 337 166 55 11 1
11 1 12 61 176 324 403 347 206 81 19 2
10 1 12 60 166 284 317 235 113 32 4
9 1 12 59 156 245 239 146 52 8
11 1 12 60 167 292 341 273 149 53 11 1
10 1 12 59 157 253 262 178 77 19 2
9 1 12 58 147 215 191 105 32 4
10 1 12 58 148 223 213 132 51 11 1
10 1 12 59 158 260 279 199 92 25 3
9 1 12 58 148 222 207 121 41 6
9 1 12 57 139 193 164 86 25 3
11 1 12 59 159 268 303 237 128 46 10 1
10 1 12 58 149 230 230 153 66 17 2
10 1 12 57 140 201 186 113 44 10 1
10 1 12 58 150 236 241 163 71 18 2
9 1 12 57 140 199 175 96 30 4
10 1 12 58 149 229 224 142 56 12 1
9 1 12 57 139 192 159 80 21 2
11 1 12 58 152 251 282 222 122 45 10 1
10 1 12 57 142 214 214 144 64 17 2
7 1 12 58 144 192 128 32
8 1 12 57 136 171 110 34 4
7 1 12 57 136 170 104 24
8 1 12 57 137 178 126 48 8
7 1 12 56 128 148 80 16
11 1 12 61 177 329 413 357 211 82 19 2
10 1 12 60 167 289 326 242 115 32 4
9 1 12 59 157 250 247 150 52 8
8 1 12 58 147 212 176 80 16
10 1 12 59 158 258 270 183 78 19 2
9 1 12 58 148 220 198 107 32 4
9 1 12 57 139 191 155 74 19 2
9 1 12 58 149 227 214 124 41 6
8 1 12 57 139 190 149 64 12
10 1 12 58 150 235 237 157 67 17 2
9 1 12 57 140 198 171 91 28 4
9 1 12 57 141 204 181 98 30 4
9 1 12 57 140 197 165 81 21 2
10 1 12 57 143 219 220 148 65 17 2
8 1 12 56 131 168 122 48 8
9 1 12 56 134 188 164 89 28 4
11 1 12 61 175 316 377 302 161 55 11 1
10 1 12 60 165 276 292 196 81 19 2
9 1 12 59 155 237 215 113 32 4
8 1 12 58 145 199 146 52 8
10 1 12 59 156 245 238 144 53 11 1
9 1 12 58 146 207 168 77 19 2
9 1 12 57 137 178 127 51 11 1
9 1 12 58 147 214 184 92 25 3
8 1 12 57 137 177 121 41 6
10 1 12 58 148 222 207 123 46 10 1
9 1 12 57 138 185 143 66 17 2
9 1 12 57 139 191 153 71 18 2
9 1 12 57 138 184 137 56 12 1
10 1 12 57 141 206 192 117 45 10 1
8 1 12 56 129 155 96 30 4
9 1 12 56 132 175 138 65 17 2
9 1 12 56 130 162 112 45 10 1
11 1 12 61 176 322 392 322 176 61 12 1
10 1 12 60 166 282 306 212 90 21 2
9 1 12 59 156 243 228 125 36 4
8 1 12 58 146 205 158 60 8
10 1 12 59 157 251 251 157 59 12 1
9 1 12 58 147 213 180 86 21 2
9 1 12 57 138 184 138 57 12 1
9 1 12 58 148 220 196 102 28 3
8 1 12 57 138 183 132 47 6
10 1 12 58 149 228 219 134 51 11 1
9 1 12 57 139 191 154 73 19 2
9 1 12 57 140 197 164 79 20 2
9 1 12 57 139 190 148 63 13 1
10 1 12 57 142 212 203 127 50 11 1
8 1 12 56 130 161 106 34 4
9 1 12 56 133 181 148 72 19 2
9 1 12 56 131 168 122 50 11 1
9 1 12 56 132 174 132 56 12 1
10 1 12 61 175 315 371 287 141 40 5
9 1 12 60 165 275 286 182 65 10
8 1 12 59 155 236 209 100 20
7 1 12 58 145 198 140 40
9 1 12 59 156 244 232 131 40 5
8 1 12 58 146 206 162 65 10
8 1 12 57 137 177 121 40 5
8 1 12 58 147 213 178 80 15
7 1 12 57 137 176 115 30
9 1 12 58 148 221 201 111 35 5
8 1 12 57 138 184 137 55 10
8 1 12 57 139 190 147 60 10
8 1 12 57 138 183 131 45 5
9 1 12 57 141 205 186 106 35 5
7 1 12 56 129 154 90 20
8 1 12 56 132 174 132 55 10
8 1 12 56 130 161 106 35 5
8 1 12 56 131 167 116 40 5
7 1 12 56 130 160 100 25
12 1 12 61 180 350 477 468 331 165 55 11 1
11 1 12 60 170 310 387 338 204 81 19 2
10 1 12 59 160 271 305 231 113 32 4
9 1 12 58 150 233 231 146 52 8
11 1 12 59 161 279 328 267 148 53 11 1
10 1 12 58 151 241 253 176 77 19 2
10 1 12 57 142 212 207 131 51 11 1
10 1 12 58 152 248 269 196 92 25 3
9 1 12 57 142 211 201 121 41 6
11 1 12 58 153 256 292 232 127 46 10 1
10 1 12 57 143 219 223 151 66 17 2
10 1 12 57 144 225 233 161 71 18 2
10 1 12 57 143 218 217 141 56 12 1
11 1 12 57 146 240 272 217 121 45 10 1
9 1 12 56 134 189 171 96 30 4
10 1 12 56 137 209 213 146 65 17 2
10 1 12 56 135 196 187 116 45 10 1
10 1 12 56 136 202 197 126 50 11 1
9 1 12 56 135 195 181 106 35 5
11 1 12 56 140 230 262 212 120 45 10 1
10 1 12 60 166 283 311 222 100 26 3
9 1 12 59 156 244 233 134 43 6
8 1 12 58 146 206 163 68 12
9 1 12 58 147 214 185 94 26 3
8 1 12 57 137 177 122 43 6
8 1 12 57 138 184 137 54 9
9 1 12 57 139 192 159 80 23 3
8 1 12 56 130 162 111 40 6
8 1 12 56 129 155 96 29 3
9 1 12 56 132 177 148 77 23 3
8 1 12 57 137 176 117 36 4
8 1 12 56 129 154 91 23 2
9 1 12 56 132 176 143 71 19 2
10 1 12 60 165 276 291 192 75 15 1
9 1 12 59 155 237 214 109 27 2
8 1 12 58 145 199 145 48 4
9 1 12 58 146 207 167 73 15 1
8 1 12 57 136 170 105 27 2
8 1 12 57 137 177 120 37 3
9 1 12 57 138 185 142 62 14 1
8 1 12 56 129 155 95 26 2
8 1 12 56 128 148 80 16 1
9 1 12 56 131 170 132 61 14 1
11 1 12 60 171 314 393 342 205 81 19 2
10 1 12 59 161 275 310 233 113 32 4
9 1 12 58 151 237 235 146 52 8
10 1 12 58 152 245 257 177 77 19 2
9 1 12 57 142 208 189 105 32 4
9 1 12 57 143 215 204 121 41 6
10 1 12 57 144 223 226 152 66 17 2
9 1 12 56 135 193 173 96 30 4
9 1 12 56 134 186 158 80 21 2
10 1 12 56 137 208 210 143 64 17 2
11 1 12 60 168 296 347 277 150 53 11 1
10 1 12 59 158 257 267 180 77 19 2
9 1 12 58 148 219 195 105 32 4
10 1 12 58 149 227 217 133 51 11 1
9 1 12 57 139 190 152 73 19 2
9 1 12 57 140 197 167 86 25 3
10 1 12 57 141 205 189 114 44 10 1
9 1 12 56 132 175 139 67 18 2
9 1 12 56 131 168 124 54 12 1
10 1 12 56 134 190 176 108 43 10 1
11 1 12 60 169 301 357 287 155 54 11 1
10 1 12 59 159 262 276 187 79 19 2
9 1 12 58 149 224 203 109 32 4
10 1 12 58 150 232 225 138 52 11 1
9 1 12 57 140 195 159 75 19 2
9 1 12 57 141 202 174 89 25 3
10 1 12 57 142 210 196 118 45 10 1
9 1 12 56 133 180 145 69 18 2
9 1 12 56 132 173 130 55 12 1
10 1 12 56 135 195 182 112 44 10 1
11 1 12 60 167 290 332 257 135 47 10 1
10 1 12 59 157 251 253 164 68 17 2
9 1 12 58 147 213 182 93 28 4
10 1 12 58 148 221 204 120 45 10 1
9 1 12 57 138 184 140 64 17 2
9 1 12 57 139 191 155 76 22 3
10 1 12 57 140 199 177 103 39 9 1
9 1 12 56 131 169 128 59 16 2
9 1 12 56 130 162 113 47 11 1
10 1 12 56 133 184 165 98 38 9 1
10 1 12 60 167 288 321 232 105 27 3
9 1 12 59 157 249 242 141 45 6
8 1 12 58 147 211 171 72 12
9 1 12 58 148 219 193 99 27 3
8 1 12 57 138 182 129 45 6
8 1 12 57 139 189 144 57 9
9 1 12 57 140 197 166 84 24 3
8 1 12 56 131 167 117 42 6
8 1 12 56 130 160 102 30 3
9 1 12 56 133 182 154 81 24 3
10 1 12 60 166 281 301 202 80 16 1
9 1 12 59 156 242 223 116 29 2
8 1 12 58 146 204 153 52 4
9 1 12 58 147 212 175 78 16 1
8 1 12 57 137 175 112 29 2
8 1 12 57 138 182 127 40 3
9 1 12 57 139 190 149 66 15 1
8 1 12 56 130 160 101 28 2
8 1 12 56 129 153 86 17 1
9 1 12 56 132 175 138 65 15 1
10 1 12 60 168 294 336 252 120 33 4
9 1 12 59 158 255 256 157 54 8
8 1 12 58 148 217 184 84 16
9 1 12 58 149 225 206 112 33 4
8 1 12 57 139 188 141 54 8
8 1 12 57 140 195 156 67 12
9 1 12 57 141 203 178 95 29 4
8 1 12 56 132 173 128 50 8
8 1 12 56 131 166 113 37 4
9 1 12 56 134 188 165 91 29 4
12 1 12 60 175 340 467 463 330 165 55 11 1
11 1 12 59 165 301 380 336 204 81 19 2
10 1 12 58 155 263 301 231 113 32 4
11 1 12 58 156 271 323 266 148 53 11 1
10 1 12 57 146 234 251 176 77 19 2
10 1 12 57 147 241 266 196 92 25 3
11 1 12 57 148 249 288 231 127 46 10 1
10 1 12 56 139 219 231 161 71 18 2
10 1 12 56 138 212 216 141 56 12 1
11 1 12 56 141 234 268 216 121 45 10 1
7 1 12 57 136 169 100 20
7 1 12 56 128 148 80 15
8 1 12 56 129 156 101 35 5
10 1 12 59 159 264 285 203 93 25 3
9 1 12 58 149 226 212 123 41 6
8 1 12 57 139 189 147 64 12
9 1 12 57 140 197 168 87 25 3
8 1 12 56 131 168 124 51 9
9 1 12 56 132 176 145 74 22 3
10 1 12 59 158 256 261 167 64 13 1
9 1 12 58 148 218 189 93 23 2
8 1 12 57 138 181 125 40 4
9 1 12 57 139 189 146 62 13 1
8 1 12 56 130 160 103 31 3
9 1 12 56 131 168 124 53 12 1
8 1 12 56 129 155 96 28 3
9 1 12 56 130 163 117 49 11 1
8 1 12 57 138 183 134 52 8
8 1 12 56 130 162 112 41 6
9 1 12 56 131 170 133 63 17 2
10 1 12 59 158 257 266 177 74 18 2
9 1 12 58 148 219 194 102 30 4
8 1 12 57 138 182 130 48 8
9 1 12 57 139 190 151 70 18 2
8 1 12 56 130 161 108 38 6
9 1 12 56 131 169 129 60 16 2
7 1 12 57 137 174 108 24
7 1 12 56 129 153 87 18
8 1 12 56 130 161 108 39 6
8 1 12 57 139 187 138 52 8
8 1 12 56 131 166 115 41 6
9 1 12 56 132 174 136 64 17 2
9 1 12 59 157 250 246 147 49 7
8 1 12 58 147 212 175 77 14
7 1 12 57 137 175 112 28
8 1 12 57 138 183 133 49 7
7 1 12 56 129 154 91 21
8 1 12 56 130 162 112 42 7
7 1 12 57 138 180 120 32
7 1 12 56 130 159 98 24
8 1 12 56 131 167 119 46 8
10 1 12 59 157 250 247 151 55 11 1
9 1 12 58 147 212 176 81 19 2
8 1 12 57 137 175 113 32 4
9 1 12 57 138 183 134 53 11 1
8 1 12 56 129 154 92 25 3
9 1 12 56 130 162 113 46 10 1
11 1 12 59 166 304 383 337 204 81 19 2
10 1 12 58 156 266 303 231 113 32 4
9 1 12 57 146 229 231 146 52 8
10 1 12 57 147 237 252 176 77 19 2
9 1 12 56 138 208 201 121 41 6
10 1 12 56 139 216 222 151 66 17 2
11 1 12 59 162 282 331 268 148 53 11 1
10 1 12 58 152 244 255 176 77 19 2
9 1 12 57 142 207 187 105 32 4
10 1 12 57 143 215 208 131 51 11 1
9 1 12 56 134 186 161 86 25 3
10 1 12 56 135 194 182 112 44 10 1
11 1 12 59 163 286 337 272 149 53 11 1
10 1 12 58 153 248 260 178 77 19 2
9 1 12 57 143 211 191 105 32 4
10 1 12 57 144 219 212 132 51 11 1
9 1 12 56 135 190 164 86 25 3
10 1 12 56 136 198 185 113 44 10 1
11 1 12 59 160 271 306 238 128 46 10 1
10 1 12 58 150 233 232 153 66 17 2
9 1 12 57 140 196 166 89 28 4
10 1 12 57 141 204 187 113 44 10 1
9 1 12 56 132 175 142 73 22 3
10 1 12 56 133 183 163 97 38 9 1
10 1 12 59 160 268 291 207 94 25 3
9 1 12 58 150 230 217 125 41 6
8 1 12 57 140 193 151 64 12
9 1 12 57 141 201 172 88 25 3
8 1 12 56 132 172 127 51 9
9 1 12 56 133 180 148 75 22 3
11 1 12 59 162 280 322 252 134 47 10 1
10 1 12 58 152 242 246 162 68 17 2
9 1 12 57 142 205 178 93 28 4
10 1 12 57 143 213 199 119 45 10 1
9 1 12 56 134 184 152 76 22 3
10 1 12 56 135 192 173 102 39 9 1
10 1 12 59 158 255 257 161 60 12 1
9 1 12 58 148 217 185 88 21 2
8 1 12 57 138 180 121 36 4
9 1 12 57 139 188 142 58 12 1
8 1 12 56 130 159 99 28 3
9 1 12 56 131 167 120 50 11 1
10 1 12 59 160 267 286 197 84 20 2
9 1 12 58 150 229 212 116 34 4
8 1 12 57 140 192 146 56 8
9 1 12 57 141 200 167 80 20 2
8 1 12 56 132 171 122 44 6
9 1 12 56 133 179 143 68 18 2
9 1 12 59 159 260 266 167 59 9
8 1 12 58 149 222 193 91 18
7 1 12 57 139 185 128 36
8 1 12 57 140 193 149 59 9
7 1 12 56 131 164 105 27
8 1 12 56 132 172 126 50 9
10 1 12 59 162 279 316 237 114 32 4
9 1 12 58 152 241 240 148 52 8
8 1 12 57 142 204 172 80 16
9 1 12 57 143 212 193 106 32 4
8 1 12 56 134 183 146 64 12
9 1 12 56 135 191 167 90 28 4
12 1 12 59 171 334 463 462 330 165 55 11 1
11 1 12 58 161 296 378 336 204 81 19 2
10 1 12 57 151 259 301 231 113 32 4
11 1 12 57 152 267 322 266 148 53 11 1
10 1 12 56 143 238 266 196 92 25 3
11 1 12 56 144 246 287 231 127 46 10 1
9 1 12 58 148 220 197 105 31 4
8 1 12 57 138 183 133 50 8
8 1 12 56 129 155 97 31 4
9 1 12 58 148 219 192 96 24 2
8 1 12 57 138 182 128 42 4
8 1 12 56 129 154 92 24 2
8 1 12 56 129 154 93 27 3
9 1 12 58 147 213 179 83 18 1
8 1 12 57 137 176 116 33 2
8 1 12 56 128 148 81 18 1
10 1 12 58 153 251 272 197 92 25 3
9 1 12 57 143 214 203 121 41 6
9 1 12 56 134 186 162 86 25 3
10 1 12 58 151 237 235 148 57 12 1
9 1 12 57 141 200 168 82 21 2
9 1 12 56 132 172 129 55 12 1
10 1 12 58 150 233 229 144 56 12 1
9 1 12 57 140 196 163 80 21 2
9 1 12 56 131 168 125 54 12 1
10 1 12 58 151 240 247 167 72 18 2
9 1 12 57 141 203 180 98 30 4
9 1 12 56 132 175 141 68 18 2
10 1 12 58 151 239 244 164 71 18 2
9 1 12 57 141 202 177 96 30 4
9 1 12 56 132 174 138 67 18 2
8 1 12 56 130 159 101 32 4
10 1 12 58 151 236 231 142 53 11 1
9 1 12 57 141 199 164 77 19 2
9 1 12 56 132 171 125 51 11 1
8 1 12 56 130 160 104 33 4
9 1 12 56 131 167 121 50 11 1
9 1 12 58 150 230 216 122 38 5
8 1 12 57 140 193 150 61 10
8 1 12 56 131 165 112 38 5
10 1 12 58 149 227 215 128 47 10 1
9 1 12 57 139 190 150 68 17 2
9 1 12 56 130 162 113 45 10 1
9 1 12 58 149 226 210 118 37 5
8 1 12 57 139 189 145 59 10
8 1 12 56 130 161 108 37 5
10 1 12 58 149 226 212 125 46 10 1
9 1 12 57 139 189 147 66 17 2
9 1 12 56 130 161 110 44 10 1
9 1 12 58 149 225 207 115 36 5
8 1 12 57 139 188 142 57 10
8 1 12 56 130 160 105 36 5
10 1 12 58 151 238 240 158 67 17 2
9 1 12 57 141 201 173 91 28 4
9 1 12 56 132 173 134 63 17 2
8 1 12 56 131 164 108 34 4
9 1 12 58 148 218 188 90 20 1
8 1 12 57 138 181 124 37 2
8 1 12 56 129 153 88 20 1
9 1 12 58 149 223 198 100 25 2
8 1 12 57 139 186 133 44 4
8 1 12 56 130 158 96 25 2
9 1 12 56 134 183 150 73 19 2
9 1 12 58 150 231 220 128 42 6
8 1 12 57 140 194 154 66 12
8 1 12 56 131 166 116 42 6
9 1 12 58 151 235 226 132 43 6
8 1 12 57 141 198 159 68 12
8 1 12 56 132 170 120 43 6
9 1 12 58 149 224 202 106 29 3
8 1 12 57 139 187 137 49 6
8 1 12 56 130 159 100 29 3
8 1 12 56 129 153 89 23 2
10 1 12 58 150 231 222 135 51 11 1
9 1 12 57 140 194 156 73 19 2
9 1 12 56 131 166 118 49 11 1
11 1 12 58 162 298 379 336 204 81 19 2
10 1 12 57 152 261 301 231 113 32 4
10 1 12 56 143 233 251 176 77 19 2
11 1 12 58 157 273 324 266 148 53 11 1
10 1 12 57 147 236 251 176 77 19 2
10 1 12 56 138 208 206 131 51 11 1
11 1 12 58 158 276 327 267 148 53 11 1
10 1 12 57 148 239 253 176 77 19 2
10 1 12 56 139 211 207 131 51 11 1
11 1 12 58 154 258 293 232 127 46 10 1
10 1 12 57 144 221 223 151 66 17 2
10 1 12 56 135 193 181 112 44 10 1
10 1 12 58 154 254 275 198 92 25 3
9 1 12 57 144 217 205 121 41 6
9 1 12 56 135 189 163 86 25 3
11 1 12 58 156 265 302 237 128 46 10 1
10 1 12 57 146 228 230 153 66 17 2
10 1 12 56 137 200 186 113 44 10 1
11 1 12 58 153 253 283 222 122 45 10 1
10 1 12 57 143 216 214 144 64 17 2
10 1 12 56 134 188 173 107 43 10 1
10 1 12 58 152 243 250 168 72 18 2
9 1 12 57 142 206 182 98 30 4
9 1 12 56 133 178 142 68 18 2
10 1 12 58 151 236 232 145 56 12 1
9 1 12 57 141 199 165 80 21 2
9 1 12 56 132 171 126 54 12 1
10 1 12 58 153 247 256 172 73 18 2
9 1 12 57 143 210 187 100 30 4
9 1 12 56 134 182 146 69 18 2
10 1 12 58 150 230 218 129 47 10 1
9 1 12 57 140 193 152 68 17 2
9 1 12 56 131 165 114 45 10 1
10 1 12 58 152 241 241 152 58 12 1
9 1 12 57 142 204 173 84 21 2
9 1 12 56 133 176 133 56 12 1
9 1 12 58 151 234 222 126 39 5
8 1 12 57 141 197 155 63 10
8 1 12 56 132 169 116 39 5
10 1 12 58 154 252 266 182 78 19 2
9 1 12 57 144 215 196 107 32 4
9 1 12 56 135 187 154 74 19 2
9 1 12 58 150 227 203 101 23 1
8 1 12 57 140 190 137 43 2
8 1 12 56 131 162 99 23 1
9 1 12 58 153 245 246 152 53 8
8 1 12 57 143 208 177 82 16
8 1 12 56 134 180 136 53 8
10 1 12 58 157 269 306 232 113 32 4
9 1 12 57 147 232 233 146 52 8
9 1 12 56 138 204 188 105 32 4
12 1 12 58 168 331 462 462 330 165 55 11 1
11 1 12 57 158 294 378 336 204 81 19 2
11 1 12 56 149 266 322 266 148 53 11 1
7 1 12 56 128 147 76 12
9 1 12 57 141 203 179 97 30 4
8 1 12 56 131 167 120 48 8
9 1 12 57 140 195 157 70 15 1
8 1 12 56 130 159 99 27 2
9 1 12 57 140 196 163 81 23 3
8 1 12 56 130 160 105 37 6
9 1 12 57 139 190 149 65 14 1
8 1 12 56 129 154 92 25 2
9 1 12 57 140 196 161 76 19 2
8 1 12 56 130 160 103 32 4
9 1 12 57 140 196 162 78 20 2
8 1 12 56 130 160 104 34 4
8 1 12 57 139 188 140 52 7
7 1 12 56 129 152 83 14
9 1 12 57 141 201 170 83 21 2
8 1 12 56 131 165 111 36 4
8 1 12 57 140 194 153 64 11
7 1 12 56 130 158 95 22
9 1 12 57 140 195 158 73 18 2
8 1 12 56 130 159 100 30 4
7 1 12 56 129 152 84 16
8 1 12 56 131 165 113 41 6
9 1 12 57 139 189 145 60 12 1
8 1 12 56 129 153 88 21 2
9 1 12 57 140 194 154 67 14 1
7 1 12 56 129 153 88 20
10 1 12 57 148 243 267 196 92 25 3
9 1 12 56 138 207 201 121 41 6
10 1 12 57 145 224 222 142 56 12 1
9 1 12 56 135 188 159 80 21 2
10 1 12 57 144 221 219 141 56 12 1
9 1 12 56 134 185 157 80 21 2
10 1 12 57 145 228 236 162 71 18 2
9 1 12 56 135 192 173 96 30 4
10 1 12 57 145 227 234 161 71 18 2
9 1 12 56 135 191 171 96 30 4
8 1 12 56 132 170 122 48 8
10 1 12 57 144 217 205 123 46 10 1
9 1 12 56 134 181 143 66 17 2
9 1 12 57 142 207 184 99 30 4
8 1 12 56 132 171 124 48 8
10 1 12 57 143 214 202 122 46 10 1
9 1 12 56 133 178 141 66 17 2
9 1 12 57 143 212 194 109 35 5
8 1 12 56 133 176 133 55 10
9 1 12 57 142 209 191 108 35 5
8 1 12 56 132 173 131 55 10
10 1 12 57 142 209 194 117 45 10 1
9 1 12 56 132 173 134 64 17 2
9 1 12 56 134 187 164 89 28 4
10 1 12 57 143 215 206 128 50 11 1
9 1 12 56 133 179 145 71 19 2
9 1 12 57 142 208 189 107 35 5
8 1 12 56 132 172 129 55 10
10 1 12 57 144 221 221 148 65 17 2
9 1 12 56 134 185 159 87 28 4
9 1 12 57 141 200 169 85 24 3
8 1 12 56 131 164 110 39 6
8 1 12 56 132 168 113 36 4
8 1 12 56 131 163 105 32 4
10 1 12 57 145 222 215 133 51 11 1
9 1 12 56 135 186 152 73 19 2
9 1 12 57 142 206 180 93 26 3
9 1 12 56 133 177 138 64 17 2
9 1 12 57 143 210 186 97 27 3
8 1 12 56 133 174 125 45 6
9 1 12 57 141 199 163 74 16 1
8 1 12 56 131 163 104 29 2
9 1 12 57 143 211 190 103 31 4
8 1 12 56 133 175 129 50 8
10 1 12 57 141 203 181 104 39 9 1
9 1 12 56 131 167 122 55 15 2
9 1 12 57 142 208 187 102 31 4
8 1 12 56 132 172 127 50 8
9 1 12 57 141 201 171 86 24 3
8 1 12 56 131 165 112 39 6
10 1 12 57 142 208 191 114 44 10 1
9 1 12 56 132 172 131 62 17 2
9 1 12 57 142 206 181 96 29 4
8 1 12 56 132 170 121 46 8
10 1 12 57 145 225 227 152 66 17 2
9 1 12 56 135 189 164 89 28 4
7 1 12 56 131 161 96 20
8 1 12 56 134 179 134 52 8
8 1 12 57 141 199 162 71 13
7 1 12 56 131 163 103 26
8 1 12 57 142 203 168 75 14
7 1 12 56 132 167 108 28
9 1 12 57 140 193 150 62 12 1
8 1 12 56 130 157 92 21 2
7 1 12 56 130 156 88 16
9 1 12 56 138 203 187 105 32 4
9 1 12 57 144 218 207 122 41 6
8 1 12 56 134 182 145 64 12
9 1 12 57 145 221 210 123 41 6
8 1 12 56 135 185 147 64 12
9 1 12 57 142 205 176 87 22 2
8 1 12 56 132 169 116 38 4
7 1 12 56 130 157 92 20
9 1 12 57 142 205 177 90 25 3
8 1 12 56 132 169 117 41 6
9 1 12 57 139 188 142 57 11 1
8 1 12 56 129 152 85 19 2
9 1 12 57 140 194 155 69 15 1
8 1 12 56 130 158 97 27 2
10 1 12 57 144 218 210 131 51 11 1
9 1 12 56 134 182 148 73 19 2
11 1 12 57 159 295 378 336 204 81 19 2
10 1 12 56 149 259 301 231 113 32 4
11 1 12 57 153 268 322 266 148 53 11 1
10 1 12 56 143 232 251 176 77 19 2
11 1 12 57 154 270 323 266 148 53 11 1
10 1 12 56 144 234 251 176 77 19 2
11 1 12 57 149 250 288 231 127 46 10 1
10 1 12 56 139 214 221 151 66 17 2
10 1 12 57 149 245 268 196 92 25 3
9 1 12 56 139 209 201 121 41 6
11 1 12 57 151 255 292 232 127 46 10 1
10 1 12 56 141 219 223 151 66 17 2
11 1 12 57 147 241 272 217 121 45 10 1
10 1 12 56 137 205 207 142 64 17 2
10 1 12 57 146 230 237 162 71 18 2
9 1 12 56 136 194 173 96 30 4
10 1 12 57 145 223 220 141 56 12 1
9 1 12 56 135 187 157 80 21 2
10 1 12 57 147 233 240 163 71 18 2
9 1 12 56 137 197 175 96 30 4
11 1 12 57 150 250 282 222 122 45 10 1
10 1 12 56 140 214 214 144 64 17 2
10 1 12 57 143 212 197 118 45 10 1
9 1 12 56 133 176 136 64 17 2
9 1 12 57 144 215 197 110 35 5
8 1 12 56 134 179 135 55 10
10 1 12 57 147 232 236 157 67 17 2
9 1 12 56 137 196 171 91 28 4
10 1 12 57 142 206 184 105 39 9 1
9 1 12 56 132 170 124 55 15 2
9 1 12 57 143 209 183 94 26 3
8 1 12 56 133 173 122 43 6
10 1 12 57 146 226 221 137 52 11 1
9 1 12 56 136 190 157 75 19 2
9 1 12 57 142 202 165 73 15 1
8 1 12 56 132 166 105 27 2
9 1 12 57 145 219 202 111 33 4
8 1 12 56 135 183 139 54 8
10 1 12 57 149 242 256 177 77 19 2
9 1 12 56 139 206 189 105 32 4
8 1 12 57 144 212 183 86 17
7 1 12 56 134 176 121 34
9 1 12 57 148 235 236 147 52 8
8 1 12 56 138 199 170 80 16
10 1 12 57 153 263 302 231 113 32 4
9 1 12 56 143 227 231 146 52 8
12 1 12 57 166 330 462 462 330 165 55 11 1
11 1 12 56 156 294 378 336 204 81 19 2
8 1 12 56 130 161 107 36 5
8 1 12 56 130 160 102 29 2
8 1 12 56 129 154 91 22 1
9 1 12 56 135 192 172 96 30 4
9 1 12 56 133 178 139 62 14 1
9 1 12 56 133 180 149 77 23 3
9 1 12 56 132 174 135 61 14 1
9 1 12 56 133 181 151 78 23 3
9 1 12 56 133 180 146 71 19 2
9 1 12 56 133 180 147 72 19 2
8 1 12 56 131 165 111 37 5
9 1 12 56 133 177 135 57 12 1
8 1 12 56 132 171 123 46 7
8 1 12 56 131 166 114 39 5
8 1 12 56 132 172 125 47 7
9 1 12 56 132 172 127 52 11 1
8 1 12 56 131 166 116 43 7
9 1 12 56 133 179 146 74 22 3
9 1 12 56 131 167 120 49 11 1
9 1 12 56 132 173 132 60 16 2
9 1 12 56 132 172 128 54 12 1
9 1 12 56 131 168 123 51 11 1
8 1 12 56 131 167 118 44 7
9 1 12 56 131 167 119 47 10 1
8 1 12 56 131 167 119 45 7
8 1 12 56 131 166 114 40 6
9 1 12 56 133 179 142 66 17 2
8 1 12 56 132 172 126 49 8
9 1 12 56 133 179 144 69 18 2
8 1 12 56 132 170 118 39 4
8 1 12 56 131 164 107 32 3
8 1 12 56 130 159 98 25 1
8 1 12 56 131 165 109 32 2
9 1 12 56 135 189 160 80 21 2
8 1 12 56 133 176 131 51 8
8 1 12 56 133 178 137 57 10
9 1 12 56 133 178 140 65 17 2
8 1 12 56 131 164 107 31 2
8 1 12 56 133 176 132 53 9
8 1 12 56 131 165 110 34 3
8 1 12 56 132 170 119 41 5
9 1 12 56 133 178 141 67 18 2
9 1 12 56 131 166 116 45 10 1
8 1 12 56 130 159 99 26 1
8 1 12 56 132 172 128 52 9
10 1 12 56 144 239 266 196 92 25 3
10 1 12 56 140 216 217 141 56 12 1
10 1 12 56 139 214 216 141 56 12 1
10 1 12 56 140 221 232 161 71 18 2
10 1 12 56 140 220 231 161 71 18 2
10 1 12 56 138 204 192 117 45 10 1
9 1 12 56 136 195 174 96 30 4
10 1 12 56 137 202 191 117 45 10 1
9 1 12 56 137 200 184 106 35 5
10 1 12 56 136 199 188 116 45 10 1
9 1 12 56 136 198 183 106 35 5
10 1 12 56 136 198 187 116 45 10 1
10 1 12 56 138 212 216 147 65 17 2
10 1 12 56 137 204 198 126 50 11 1
9 1 12 56 136 197 182 106 35 5
10 1 12 56 138 210 213 146 65 17 2
9 1 12 56 134 183 152 78 23 3
9 1 12 56 133 177 137 61 14 1
9 1 12 56 134 184 154 79 23 3
9 1 12 56 134 182 147 71 19 2
10 1 12 56 138 203 189 114 44 10 1
9 1 12 56 135 188 158 80 23 3
10 1 12 56 136 195 176 103 39 9 1
9 1 12 56 136 192 164 84 24 3
9 1 12 56 134 185 155 79 23 3
9 1 12 56 134 184 151 73 19 2
9 1 12 56 134 183 149 72 19 2
9 1 12 56 135 189 161 83 24 3
9 1 12 56 134 182 145 66 15 1
9 1 12 56 136 194 171 93 29 4
10 1 12 56 135 194 179 109 43 10 1
9 1 12 56 134 186 158 82 24 3
10 1 12 56 134 187 166 98 38 9 1
9 1 12 56 133 179 142 65 15 1
9 1 12 56 135 192 170 93 29 4
9 1 12 56 134 185 156 81 24 3
10 1 12 56 135 192 176 108 43 10 1
9 1 12 56 134 185 157 82 24 3
10 1 12 56 136 197 183 112 44 10 1
9 1 12 56 135 190 166 91 29 4
10 1 12 56 138 209 210 143 64 17 2
9 1 12 56 134 180 139 60 13 1
9 1 12 56 133 176 135 61 16 2
8 1 12 56 133 175 128 48 7
9 1 12 56 132 170 121 47 10 1
10 1 12 56 140 213 208 131 51 11 1
9 1 12 56 136 193 167 87 25 3
9 1 12 56 137 196 170 88 25 3
9 1 12 56 134 183 148 70 18 2
9 1 12 56 134 181 141 61 13 1
9 1 12 56 134 180 138 58 12 1
9 1 12 56 136 191 160 78 20 2
9 1 12 56 133 178 138 60 13 1
8 1 12 56 134 180 137 55 9
9 1 12 56 137 198 177 97 30 4
9 1 12 56 132 173 133 61 16 2
10 1 12 56 134 186 164 97 38 9 1
8 1 12 56 133 177 134 54 9
9 1 12 56 132 171 124 50 11 1
9 1 12 56 136 196 176 97 30 4
9 1 12 56 134 183 150 75 22 3
9 1 12 56 131 166 117 46 10 1
10 1 12 56 136 196 182 112 44 10 1
8 1 12 56 133 175 129 51 9
9 1 12 56 136 193 168 90 28 4
10 1 12 56 140 217 222 151 66 17 2
8 1 12 56 132 168 111 31 1
8 1 12 56 133 172 117 35 2
8 1 12 56 135 186 149 65 12
8 1 12 56 136 189 152 66 12
8 1 12 56 133 174 124 43 5
8 1 12 56 133 173 121 40 4
8 1 12 56 135 184 143 59 10
8 1 12 56 131 164 106 29 1
8 1 12 56 133 177 135 56 10
8 1 12 56 132 169 115 36 3
9 1 12 56 133 175 130 54 12 1
9 1 12 56 136 191 161 80 21 2
9 1 12 56 139 210 202 121 41 6
9 1 12 56 140 212 203 121 41 6
9 1 12 56 136 192 163 81 21 2
9 1 12 56 138 201 180 98 30 4
9 1 12 56 135 190 165 89 28 4
8 1 12 56 134 181 140 58 10
9 1 12 56 135 186 151 71 18 2
8 1 12 56 131 164 108 33 3
8 1 12 56 132 170 121 45 7
9 1 12 56 136 192 165 86 25 3
9 1 12 56 132 170 122 49 11 1
9 1 12 56 133 177 138 62 14 1
9 1 12 56 133 175 130 53 11 1
10 1 12 56 139 210 206 131 51 11 1
11 1 12 56 157 294 378 336 204 81 19 2
11 1 12 56 150 266 322 266 148 53 11 1
11 1 12 56 151 267 322 266 148 53 11 1
11 1 12 56 145 246 287 231 127 46 10 1
10 1 12 56 145 240 266 196 92 25 3
11 1 12 56 147 249 288 231 127 46 10 1
11 1 12 56 142 234 268 216 121 45 10 1
10 1 12 56 141 222 232 161 71 18 2
10 1 12 56 140 215 216 141 56 12 1
10 1 12 56 142 224 233 161 71 18 2
11 1 12 56 145 240 272 217 121 45 10 1
11 1 12 56 141 230 262 212 120 45 10 1
10 1 12 56 139 213 216 147 65 17 2
10 1 12 56 137 200 188 116 45 10 1
10 1 12 56 139 209 202 127 50 11 1
9 1 12 56 138 202 185 106 35 5
10 1 12 56 141 218 220 148 65 17 2
10 1 12 56 136 195 179 109 43 10 1
10 1 12 56 135 189 167 98 38 9 1
9 1 12 56 136 191 162 83 24 3
10 1 12 56 139 207 195 118 45 10 1
9 1 12 56 135 184 145 65 15 1
9 1 12 56 138 200 177 95 29 4
10 1 12 56 142 222 226 152 66 17 2
9 1 12 56 135 185 149 70 18 2
9 1 12 56 134 178 132 53 11 1
9 1 12 56 137 194 163 79 20 2
10 1 12 56 141 216 211 132 51 11 1
8 1 12 56 136 187 145 58 9
9 1 12 56 140 209 192 106 32 4
10 1 12 56 145 236 252 176 77 19 2
8 1 12 56 135 180 127 38 1
8 1 12 56 139 202 173 81 16
9 1 12 56 144 229 232 146 52 8
10 1 12 56 150 260 301 231 113 32 4
12 1 12 56 165 330 462 462 330 165 55 11 1
7 1 12 55 120 126 56 7
8 1 12 55 123 146 97 35 5
8 1 12 55 122 138 77 18 1
8 1 12 55 122 139 83 27 4
8 1 12 55 122 139 82 23 2
8 1 12 55 121 133 71 17 1
8 1 12 55 122 140 86 28 4
8 1 12 55 122 139 81 22 2
8 1 12 55 122 139 82 25 3
8 1 12 55 122 139 82 24 3
7 1 12 55 121 131 62 8
8 1 12 55 123 144 88 25 2
7 1 12 55 122 137 73 14
8 1 12 55 122 138 78 20 2
7 1 12 55 121 132 66 11
7 1 12 55 122 138 76 16
8 1 12 55 122 138 77 19 2
7 1 12 55 122 138 77 17
7 1 12 55 121 131 63 10
8 1 12 55 123 144 90 30 4
8 1 12 55 122 137 74 16 1
8 1 12 55 121 132 67 14 1
8 1 12 55 122 138 78 21 2
8 1 12 55 122 138 79 23 3
7 1 12 55 121 131 63 9
8 1 12 55 123 144 90 28 3
7 1 12 55 121 132 67 13
7 1 12 55 122 137 74 15
8 1 12 55 121 132 67 13 1
9 1 12 55 130 186 171 96 30 4
9 1 12 55 127 167 132 61 14 1
9 1 12 55 127 170 145 77 23 3
9 1 12 55 126 164 131 61 14 1
9 1 12 55 127 171 146 77 23 3
9 1 12 55 127 170 141 71 19 2
9 1 12 55 127 170 142 71 19 2
8 1 12 55 124 149 98 35 5
9 1 12 55 126 160 117 49 11 1
8 1 12 55 125 155 109 42 7
8 1 12 55 124 150 100 35 5
9 1 12 55 125 157 115 49 11 1
8 1 12 55 125 156 110 42 7
9 1 12 55 125 156 112 46 10 1
8 1 12 55 124 151 106 42 7
9 1 12 55 126 164 135 71 22 3
9 1 12 55 124 152 110 48 11 1
9 1 12 55 125 159 125 61 17 2
9 1 12 55 125 158 121 58 16 2
9 1 12 55 125 157 117 52 12 1
9 1 12 55 124 153 112 48 11 1
8 1 12 55 124 152 107 42 7
9 1 12 55 124 152 108 45 10 1
8 1 12 55 124 152 108 42 7
9 1 12 55 126 166 138 72 22 3
9 1 12 55 125 158 118 52 12 1
9 1 12 55 125 159 124 59 16 2
8 1 12 55 124 151 103 39 6
9 1 12 55 126 164 129 62 17 2
8 1 12 55 125 157 114 46 8
8 1 12 55 124 151 104 39 6
9 1 12 55 126 164 131 63 17 2
8 1 12 55 123 143 87 28 4
8 1 12 55 124 147 89 24 2
8 1 12 55 123 142 83 24 3
8 1 12 55 122 137 74 17 1
8 1 12 55 123 144 89 29 4
8 1 12 55 123 143 84 22 2
8 1 12 55 123 143 86 26 3
9 1 12 55 127 165 125 54 12 1
8 1 12 55 125 153 101 33 4
8 1 12 55 124 149 96 31 4
9 1 12 55 125 156 111 45 10 1
8 1 12 55 125 155 106 37 5
9 1 12 55 125 155 109 44 10 1
8 1 12 55 123 142 82 20 1
8 1 12 55 125 154 106 39 6
8 1 12 55 123 143 85 23 2
8 1 12 55 124 148 93 28 3
8 1 12 55 123 145 92 30 4
8 1 12 55 123 144 87 24 2
8 1 12 55 123 144 88 26 3
8 1 12 55 123 144 89 27 3
8 1 12 55 124 150 98 32 4
9 1 12 55 124 151 105 43 10 1
8 1 12 55 123 143 83 20 1
8 1 12 55 125 156 109 40 6
8 1 12 55 124 149 95 29 3
9 1 12 55 125 156 113 48 11 1
8 1 12 55 122 138 80 24 3
8 1 12 55 123 144 91 30 4
8 1 12 55 124 149 99 36 6
8 1 12 55 122 138 79 22 2
8 1 12 55 123 145 94 33 5
8 1 12 55 123 144 90 29 4
8 1 12 55 123 143 87 27 3
9 1 12 55 127 168 140 73 22 3
9 1 12 55 124 151 107 46 11 1
9 1 12 55 125 158 122 58 16 2
9 1 12 55 125 157 119 57 16 2
9 1 12 55 125 155 111 47 11 1
9 1 12 55 123 146 98 39 9 1
8 1 12 55 123 145 93 32 5
9 1 12 55 123 145 95 38 9 1
9 1 12 55 124 151 106 44 10 1
8 1 12 55 123 144 90 31 5
9 1 12 55 125 157 117 54 15 2
8 1 12 55 124 149 97 33 5
9 1 12 55 125 155 110 45 10 1
8 1 12 55 123 146 97 34 5
8 1 12 55 122 138 77 19 1
8 1 12 55 124 151 103 38 6
8 1 12 55 123 145 93 31 4
8 1 12 55 122 138 78 19 1
8 1 12 55 124 151 105 39 6
8 1 12 55 124 149 95 30 4
8 1 12 55 123 143 85 24 2
9 1 12 55 127 168 134 64 17 2
8 1 12 55 125 155 107 39 6
8 1 12 55 125 155 108 40 6
8 1 12 55 124 149 97 32 4
9 1 12 55 127 168 137 67 18 2
7 1 12 55 123 140 73 11
8 1 12 55 126 158 108 36 4
7 1 12 55 124 146 85 19
7 1 12 55 123 142 80 17
7 1 12 55 124 148 90 22
8 1 12 55 124 148 93 29 4
7 1 12 55 122 135 67 10
8 1 12 55 124 147 91 28 3
8 1 12 55 122 136 70 13 1
8 1 12 55 123 142 81 20 2
8 1 12 55 123 141 78 17 1
7 1 12 55 122 137 72 13
8 1 12 55 122 137 73 15 1
7 1 12 55 122 137 74 16
7 1 12 55 122 136 68 9
8 1 12 55 124 149 94 27 2
7 1 12 55 122 136 70 12
9 1 12 55 130 182 157 80 21 2
8 1 12 55 127 164 121 48 8
8 1 12 55 126 161 119 48 8
8 1 12 55 127 167 129 55 10
9 1 12 55 127 167 133 64 17 2
8 1 12 55 124 147 90 25 2
8 1 12 55 126 158 110 40 6
8 1 12 55 124 148 92 26 2
8 1 12 55 125 154 103 34 4
8 1 12 55 124 150 99 33 4
8 1 12 55 124 150 101 37 6
8 1 12 55 126 162 120 48 8
9 1 12 55 126 162 126 61 17 2
7 1 12 55 122 136 71 13
8 1 12 55 123 142 83 22 2
7 1 12 55 124 146 86 20
7 1 12 55 123 142 81 18
8 1 12 55 123 141 79 19 2
8 1 12 55 127 164 123 51 9
8 1 12 55 125 154 105 38 6
8 1 12 55 125 152 98 30 3
7 1 12 55 123 143 83 19
8 1 12 55 123 143 85 24 3
7 1 12 55 124 147 88 21
7 1 12 55 123 141 78 16
8 1 12 55 125 153 102 35 5
8 1 12 55 123 144 89 28 4
8 1 12 55 124 150 102 38 6
8 1 12 55 122 137 75 18 2
8 1 12 55 123 143 86 24 2
8 1 12 55 124 148 94 30 4
9 1 12 55 127 167 135 67 18 2
8 1 12 55 123 142 84 25 3
8 1 12 55 121 131 64 12 1
8 1 12 55 122 136 72 16 1
8 1 12 55 124 149 99 35 5
8 1 12 55 124 147 91 27 3
8 1 12 55 122 137 75 18 1
7 1 12 55 123 140 75 14
8 1 12 55 126 158 111 41 6
8 1 12 55 123 142 82 21 2
8 1 12 55 124 146 87 23 2
8 1 12 55 122 137 75 19 2
7 1 12 55 122 136 71 14
7 1 12 55 122 135 68 12
8 1 12 55 124 147 92 30 4
9 1 12 55 130 182 161 86 25 3
9 1 12 55 126 161 122 54 12 1
9 1 12 55 127 164 124 54 12 1
9 1 12 55 124 150 103 43 10 1
9 1 12 55 126 158 112 45 10 1
8 1 12 55 122 136 71 14 1
8 1 12 55 124 148 94 29 3
7 1 12 55 121 131 64 11
8 1 12 55 122 137 75 17 1
7 1 12 55 123 142 82 19
8 1 12 55 126 161 122 51 9
10 1 12 55 141 238 266 196 92 25 3
10 1 12 55 136 212 216 141 56 12 1
10 1 12 55 135 211 216 141 56 12 1
10 1 12 55 136 218 231 161 71 18 2
10 1 12 55 136 217 231 161 71 18 2
9 1 12 55 131 187 171 96 30 4
10 1 12 55 133 196 187 116 45 10 1
9 1 12 55 131 188 171 96 30 4
10 1 12 55 132 195 187 116 45 10 1
9 1 12 55 132 193 181 106 35 5
10 1 12 55 131 193 186 116 45 10 1
9 1 12 55 131 192 181 106 35 5
10 1 12 55 131 192 186 116 45 10 1
10 1 12 55 133 206 212 146 65 17 2
10 1 12 55 132 198 196 126 50 11 1
9 1 12 55 131 191 181 106 35 5
10 1 12 55 133 204 211 146 65 17 2
9 1 12 55 128 172 146 77 23 3
9 1 12 55 129 174 143 71 19 2
9 1 12 55 127 166 131 61 14 1
9 1 12 55 128 173 147 77 23 3
9 1 12 55 128 171 141 71 19 2
10 1 12 55 132 190 176 108 43 10 1
9 1 12 55 129 176 148 77 23 3
10 1 12 55 130 183 165 98 38 9 1
9 1 12 55 130 180 154 81 24 3
9 1 12 55 128 174 147 77 23 3
9 1 12 55 128 173 143 71 19 2
9 1 12 55 128 172 142 71 19 2
10 1 12 55 130 187 175 108 43 10 1
9 1 12 55 129 178 153 81 24 3
9 1 12 55 128 171 138 65 15 1
9 1 12 55 130 183 163 91 29 4
10 1 12 55 129 184 172 107 43 10 1
9 1 12 55 128 176 152 81 24 3
10 1 12 55 128 177 161 97 38 9 1
9 1 12 55 127 169 137 65 15 1
9 1 12 55 129 182 163 91 29 4
9 1 12 55 128 175 151 81 24 3
9 1 12 55 127 169 141 71 19 2
10 1 12 55 129 182 171 107 43 10 1
10 1 12 55 132 202 206 142 64 17 2
10 1 12 55 130 188 178 111 44 10 1
9 1 12 55 128 175 152 81 24 3
10 1 12 55 130 187 177 111 44 10 1
9 1 12 55 129 180 161 91 29 4
10 1 12 55 132 199 203 141 64 17 2
9 1 12 55 127 167 138 72 22 3
9 1 12 55 127 163 122 53 12 1
9 1 12 55 125 155 112 48 11 1
9 1 12 55 126 162 128 62 17 2
9 1 12 55 126 160 122 58 16 2
8 1 12 55 126 156 106 39 6
9 1 12 55 129 172 136 64 17 2
8 1 12 55 126 158 111 42 7
9 1 12 55 127 165 128 60 16 2
8 1 12 55 127 162 117 46 8
9 1 12 55 125 154 108 45 10 1
9 1 12 55 127 169 141 73 22 3
9 1 12 55 126 160 119 52 12 1
8 1 12 55 125 153 104 39 6
9 1 12 55 127 165 129 62 17 2
10 1 12 55 133 194 182 112 44 10 1
9 1 12 55 129 175 145 74 22 3
10 1 12 55 130 182 163 97 38 9 1
9 1 12 55 130 178 148 75 22 3
9 1 12 55 127 167 132 63 17 2
9 1 12 55 127 166 129 60 16 2
9 1 12 55 127 164 123 53 12 1
10 1 12 55 129 180 162 97 38 9 1
9 1 12 55 128 170 135 64 17 2
9 1 12 55 127 163 120 50 11 1
9 1 12 55 129 174 141 68 18 2
9 1 12 55 127 170 141 73 22 3
9 1 12 55 126 162 122 53 12 1
9 1 12 55 126 162 125 59 16 2
8 1 12 55 126 160 116 46 8
9 1 12 55 127 166 131 63 17 2
9 1 12 55 128 173 144 74 22 3
9 1 12 55 126 160 118 50 11 1
9 1 12 55 128 171 138 67 18 2
8 1 12 55 127 164 122 50 9
9 1 12 55 130 182 160 88 28 4
10 1 12 55 127 172 153 92 37 9 1
9 1 12 55 127 169 137 67 18 2
9 1 12 55 126 163 128 62 17 2
10 1 12 55 127 171 152 92 37 9 1
8 1 12 55 126 162 121 50 9
9 1 12 55 125 156 113 49 11 1
9 1 12 55 129 181 160 88 28 4
9 1 12 55 127 168 135 66 18 2
8 1 12 55 125 156 113 46 8
9 1 12 55 127 168 138 72 22 3
9 1 12 55 124 151 107 45 10 1
9 1 12 55 125 157 118 52 12 1
9 1 12 55 126 162 127 62 17 2
10 1 12 55 129 181 169 106 43 10 1
9 1 12 55 126 163 130 63 17 2
9 1 12 55 127 167 134 66 18 2
10 1 12 55 130 185 172 107 43 10 1
8 1 12 55 126 160 118 50 9
9 1 12 55 129 178 155 86 28 4
10 1 12 55 133 202 206 142 64 17 2
8 1 12 55 125 150 94 30 4
9 1 12 55 128 166 123 51 11 1
8 1 12 55 125 152 99 32 4
9 1 12 55 126 159 116 49 11 1
8 1 12 55 126 156 105 36 5
9 1 12 55 124 150 102 40 9 1
8 1 12 55 124 149 98 34 5
9 1 12 55 124 148 97 38 9 1
9 1 12 55 125 154 108 44 10 1
8 1 12 55 124 147 93 32 5
9 1 12 55 126 159 118 54 15 2
8 1 12 55 127 159 106 34 4
8 1 12 55 124 145 83 19 1
8 1 12 55 125 152 100 35 5
8 1 12 55 125 149 89 23 2
9 1 12 55 131 181 150 73 19 2
8 1 12 55 127 162 115 42 6
9 1 12 55 128 169 133 63 17 2
8 1 12 55 128 165 118 43 6
8 1 12 55 125 154 104 36 5
8 1 12 55 125 151 95 28 3
8 1 12 55 126 157 107 37 5
8 1 12 55 125 150 92 25 2
8 1 12 55 127 161 113 41 6
9 1 12 55 124 149 99 39 9 1
8 1 12 55 123 142 81 19 1
8 1 12 55 124 147 90 26 3
8 1 12 55 123 141 80 21 2
9 1 12 55 125 153 105 43 10 1
8 1 12 55 125 151 96 30 4
9 1 12 55 128 169 134 64 17 2
10 1 12 55 136 208 206 131 51 11 1
9 1 12 55 131 185 162 86 25 3
10 1 12 55 132 192 181 112 44 10 1
9 1 12 55 132 187 163 86 25 3
9 1 12 55 128 172 140 68 18 2
9 1 12 55 128 168 128 55 12 1
9 1 12 55 128 167 126 54 12 1
9 1 12 55 130 177 144 69 18 2
9 1 12 55 126 161 119 50 11 1
8 1 12 55 126 158 109 38 5
8 1 12 55 127 161 112 39 5
9 1 12 55 130 178 147 72 19 2
9 1 12 55 126 161 123 58 16 2
8 1 12 55 126 159 112 41 6
8 1 12 55 124 148 95 31 4
9 1 12 55 128 170 137 67 18 2
8 1 12 55 125 150 91 23 1
8 1 12 55 128 167 124 49 8
9 1 12 55 132 190 172 96 30 4
9 1 12 55 123 145 96 38 9 1
9 1 12 55 124 151 107 44 10 1
9 1 12 55 125 156 116 54 15 2
10 1 12 55 128 175 158 96 38 9 1
8 1 12 55 124 147 88 22 1
8 1 12 55 127 165 123 49 8
8 1 12 55 125 153 101 34 5
8 1 12 55 123 142 83 23 2
9 1 12 55 125 154 108 46 11 1
9 1 12 55 131 189 172 96 30 4
9 1 12 55 128 171 137 65 17 2
9 1 12 55 127 165 127 59 16 2
8 1 12 55 123 143 87 26 3
8 1 12 55 125 153 103 37 6
9 1 12 55 128 171 141 73 22 3
9 1 12 55 124 149 101 42 10 1
9 1 12 55 125 156 115 49 11 1
10 1 12 55 131 189 180 112 44 10 1
8 1 12 55 127 162 116 45 8
9 1 12 55 131 185 163 89 28 4
10 1 12 55 136 213 221 151 66 17 2
7 1 12 55 126 152 89 18
8 1 12 55 130 174 132 52 8
7 1 12 55 126 155 98 25
7 1 12 55 127 158 101 26
8 1 12 55 124 144 79 15 1
7 1 12 55 124 143 76 12
8 1 12 55 126 154 97 27 2
9 1 12 55 135 201 187 105 32 4
8 1 12 55 130 178 144 64 12
8 1 12 55 131 180 145 64 12
8 1 12 55 127 161 111 37 4
8 1 12 55 127 160 109 36 4
8 1 12 55 129 170 127 50 8
7 1 12 55 125 151 93 23
7 1 12 55 124 145 83 18
8 1 12 55 126 156 104 35 5
7 1 12 55 126 154 96 24
8 1 12 55 129 171 131 55 10
8 1 12 55 123 140 74 13 1
8 1 12 55 127 166 128 55 10
8 1 12 55 125 152 97 28 2
8 1 12 55 122 135 68 12 1
8 1 12 55 123 141 80 20 1
8 1 12 55 124 145 84 21 2
9 1 12 55 127 163 122 54 12 1
9 1 12 55 131 183 157 80 21 2
10 1 12 55 141 232 251 176 77 19 2
9 1 12 55 135 206 201 121 41 6
9 1 12 55 136 207 201 121 41 6
9 1 12 55 131 184 158 80 21 2
9 1 12 55 133 192 173 96 30 4
9 1 12 55 129 179 157 87 28 4
8 1 12 55 128 169 130 55 10
8 1 12 55 127 163 120 48 8
9 1 12 55 129 173 138 65 17 2
9 1 12 55 132 187 164 89 28 4
8 1 12 55 124 147 91 26 2
8 1 12 55 125 153 104 38 6
8 1 12 55 126 156 104 34 4
9 1 12 55 129 173 139 67 18 2
7 1 12 55 123 141 79 17
8 1 12 55 124 147 92 29 4
7 1 12 55 125 150 91 22
8 1 12 55 128 167 125 51 9
8 1 12 55 124 146 88 25 3
8 1 12 55 125 154 108 42 7
8 1 12 55 125 151 96 29 3
7 1 12 55 124 144 80 16
9 1 12 55 131 184 161 86 25 3
8 1 12 55 123 140 77 19 2
9 1 12 55 126 158 114 49 11 1
9 1 12 55 127 166 132 61 14 1
9 1 12 55 126 158 113 46 10 1
8 1 12 55 124 145 85 23 2
9 1 12 55 127 162 118 49 11 1
8 1 12 55 126 155 101 32 4
9 1 12 55 130 178 148 73 19 2
10 1 12 55 135 206 206 131 51 11 1
11 1 12 55 156 294 378 336 204 81 19 2
11 1 12 55 148 266 322 266 148 53 11 1
11 1 12 55 149 266 322 266 148 53 11 1
11 1 12 55 142 245 287 231 127 46 10 1
10 1 12 55 142 238 266 196 92 25 3
11 1 12 55 144 246 287 231 127 46 10 1
11 1 12 55 138 231 267 216 121 45 10 1
10 1 12 55 137 218 231 161 71 18 2
10 1 12 55 136 211 216 141 56 12 1
10 1 12 55 138 219 231 161 71 18 2
11 1 12 55 141 234 268 216 121 45 10 1
11 1 12 55 136 224 258 211 120 45 10 1
10 1 12 55 134 206 212 146 65 17 2
10 1 12 55 132 193 186 116 45 10 1
10 1 12 55 134 201 197 126 50 11 1
9 1 12 55 133 194 181 106 35 5
10 1 12 55 136 209 213 146 65 17 2
11 1 12 55 140 230 262 212 120 45 10 1
10 1 12 55 130 184 172 107 43 10 1
10 1 12 55 129 178 161 97 38 9 1
9 1 12 55 130 179 153 81 24 3
9 1 12 55 129 172 137 65 15 1
9 1 12 55 132 187 165 91 29 4
10 1 12 55 136 208 210 143 64 17 2
10 1 12 55 128 173 153 92 37 9 1
9 1 12 55 129 174 144 74 22 3
10 1 12 55 132 189 172 102 39 9 1
9 1 12 55 128 168 132 63 17 2
9 1 12 55 127 161 116 49 11 1
9 1 12 55 130 176 142 68 18 2
10 1 12 55 134 197 185 113 44 10 1
8 1 12 55 129 169 125 50 9
9 1 12 55 133 190 167 90 28 4
10 1 12 55 138 216 222 151 66 17 2
9 1 12 55 126 155 104 40 9 1
9 1 12 55 129 170 129 55 12 1
8 1 12 55 128 163 112 38 5
9 1 12 55 132 184 153 74 19 2
10 1 12 55 137 210 207 131 51 11 1
8 1 12 55 127 156 95 22 1
8 1 12 55 131 177 135 53 8
9 1 12 55 136 203 188 105 32 4
10 1 12 55 142 233 251 176 77 19 2
7 1 12 55 130 170 117 33
8 1 12 55 135 196 169 80 16
9 1 12 55 141 226 231 146 52 8
10 1 12 55 148 259 301 231 113 32 4
12 1 12 55 165 330 462 462 330 165 55 11 1
