0 0 0 0 0 0 0 0 0  999988776789876878637552864654945993
206 1 0 5 4 1 0 0 0  999988547789875878753672866663944995
208 1 0 5 4 2 0 0 0  999988457789875878735672866665944993
252 1 0 7 0 0 0 0 0  999988747789873878663576865464952995
254 1 0 7 0 1 0 0 0  999988747789873878663576865562945994
276 1 0 7 4 0 0 0 0  999988747789873878553675866662944995
282 1 0 7 5 0 0 0 0  999988747789873878553675826666944995
548 1 1 4 1 1 0 0 0  999988848879773778557866636256944995
550 1 1 4 1 2 0 0 0  999988858879775778447866656436935992
578 1 1 5 0 1 0 0 0  999988858879774678653867537644962995
580 1 1 5 0 2 0 0 0  999988858879775678645867357644962993
596 1 1 5 3 1 0 0 0  999988858879774678663867537652944995
598 1 1 5 3 2 0 0 0  999988858879775678665867457644933992
606 1 1 5 5 0 0 0 0  999988848879773578563847657562964996
611 1 1 5 5 2 1 0 0  999988858879775478365847647365962996
656 1 1 7 1 1 0 0 0  999988858879774678663867446555973992
668 1 1 7 3 1 0 0 0  999988858879774678663867445655973992
822 1 2 0 5 0 0 0 0  999988848889773578753675726666944995
1195 1 3 0 1 0 1 0 0  999988857769866878664872553754973994
1205 1 3 0 2 2 1 0 0  999988857769866878365873654744975992
1349 1 3 4 2 2 1 0 0  999988847779824868676855556363974997
1359 1 3 4 4 1 1 0 0  999988847779824858575866666353974997
1361 1 3 4 4 2 1 0 0  999988847779824858373866666555974997
1365 1 3 4 5 1 1 0 0  999988847779824868373855546666975997
1367 1 3 4 5 2 1 0 0  999988847779824868373855556666974997
1458 1 3 7 3 0 0 0 0  999988847779863868766875536572944995
1586 1 4 0 0 1 0 0 0  999988857769864888763676445755973992
1603 1 4 0 3 0 1 0 0  999988857769866888764672553754973994
1738 1 4 4 1 2 0 0 0  999988857779865888475666254463973997
1739 1 4 4 1 2 1 0 0  999988857779865888275666334464975997
1743 1 4 4 2 1 1 0 0  999988847779824888373566656554976997
1745 1 4 4 2 2 1 0 0  999988847779824888373566646555976997
1755 1 4 4 4 1 1 0 0  999988847779824888373666645556975997
1757 1 4 4 4 2 1 0 0  999988857779825888373666654446975997
1761 1 4 4 5 1 1 0 0  999988847779824888373666665554975997
1763 1 4 4 5 2 1 0 0  999988847779824888373666665555974997
1778 1 4 5 2 1 0 0 0  999988847779853888773676626556944995
1780 1 4 5 2 2 0 0 0  999988857779845888775676656446933992
1782 1 4 5 3 0 0 0 0  999988857779864888773676636454955992
1784 1 4 5 3 1 0 0 0  999988857779864888773676636555944992
1850 1 4 7 2 1 0 0 0  999988857779854888753676636276944995
1852 1 4 7 2 2 0 0 0  999988857779845888735676656276944993
1886 1 4 8 2 1 0 0 0  999988847779873888753676626556944995
1888 1 4 8 2 2 0 0 0  999988857779875888745676656446933992
1890 1 4 8 3 0 0 0 0  999988857779874888763676636454955992
1892 1 4 8 3 1 0 0 0  999988857779874888763676636555944992
1987 1 5 0 1 0 1 0 0  999988857769866688755682743754973994
1992 1 5 0 2 0 0 0 0  999988847769866588753685736744972995
2003 1 5 0 3 2 1 0 0  999988857769866388765683754744975992
2114 1 5 3 4 1 0 0 0  999988877779873688567686465553944992
2139 1 5 4 2 1 1 0 0  999988847779824688676683635554975997
2141 1 5 4 2 2 1 0 0  999988847779824688676683635555974997
2147 1 5 4 3 2 1 0 0  999988847779824688676583635655974997
2151 1 5 4 4 1 1 0 0  999988847779833688276686645554975997
2153 1 5 4 4 2 1 0 0  999988847779833688276686645555974997
2157 1 5 4 5 1 1 0 0  999988847779824688373686665554975997
2159 1 5 4 5 2 1 0 0  999988847779824688373686665555974997
2197 1 5 6 0 0 1 0 0  999988857779874688767682553654963994
2268 1 5 8 0 0 0 0 0  999988857779874688763682574655964993
2270 1 5 8 0 1 0 0 0  999988857779873688763684475655962994
2305 1 5 9 0 0 1 0 0  999988857779877688764682553654963994
2377 1 6 0 0 0 1 0 0  999988867789866878664572545733974995
2412 1 6 1 0 0 0 0 0  999988857789874878663566457563927994
2484 1 6 3 0 0 0 0 0  999988847789877878663566537562944995
2520 1 6 4 0 0 0 0 0  999988857789874878663466557764953992
2522 1 6 4 0 1 0 0 0  999988857789874878663566557763944992
2570 1 6 5 2 1 0 0 0  999988847789873878753676626556944995
2572 1 6 5 2 2 0 0 0  999988857789875878745676656446933992
2574 1 6 5 3 0 0 0 0  999988857789874878763676636454955992
2576 1 6 5 3 1 0 0 0  999988857789874878763676636555944992
2737 1 6 10 0 0 1 0 0  999988856789864868255777773654963994
3209 1 8 1 0 2 1 0 0  999988867779866688274538635554977994
3230 1 8 1 4 1 0 0 0  999988847779844688673668635552977995
3345 1 8 4 5 1 1 0 0  999988847779824688373668665554975997
3347 1 8 4 5 2 1 0 0  999988847779824688373668665555974997
3362 1 8 5 2 1 0 0 0  999988857779854688773678636652944995
3364 1 8 5 2 2 0 0 0  999988857779845688775678656644933992
3458 1 8 8 0 1 0 0 0  999988857779874688763678445655963992
3571 1 9 0 1 0 1 0 0  999988857769866688755672843754973994
3576 1 9 0 2 0 0 0 0  999988847769866588753675836744972995
3587 1 9 0 3 2 1 0 0  999988857769866388765673854744975992
3601 1 9 1 0 0 1 0 0  999988867779866588574652843563977994
3671 1 9 2 5 2 1 0 0  999988857779835488275674846666935997
3719 1 9 4 1 2 1 0 0  999988857779825688676633856444975997
3723 1 9 4 2 1 1 0 0  999988847779824688676663835554975997
3725 1 9 4 2 2 1 0 0  999988847779824688676663835555974997
3731 1 9 4 3 2 1 0 0  999988847779824688676563835655974997
3735 1 9 4 4 1 1 0 0  999988847779833688276666845554975997
3737 1 9 4 4 2 1 0 0  999988847779833688276666845555974997
3741 1 9 4 5 1 1 0 0  999988847779824688373666865554975997
3743 1 9 4 5 2 1 0 0  999988847779824688373666865555974997
3749 1 9 5 0 2 1 0 0  999988867779866388775673854265944995
3789 1 9 6 1 1 1 0 0  999988847779874688767663835554925996
3882 1 9 8 5 0 0 0 0  999988847779873588753675826666944995
3961 1 10 0 0 0 1 0 0  999988887769865878264676553754973994
4045 1 10 2 2 0 1 0 0  999988887779855868676673536444925997
4099 1 10 3 5 0 1 0 0  999988887779873858257666664544957993
4131 1 10 4 4 1 1 0 0  999988887779824868373666645554975997
4133 1 10 4 4 2 1 0 0  999988887779824868373666645555974997
4139 1 10 4 5 2 1 0 0  999988887779824858373666665554974997
4327 1 10 10 1 0 1 0 0  999988886769863858256777774544956993
4386 1 11 0 5 0 0 0 0  999987748889883578753675726666944995
5550 1 14 0 1 0 0 0 0  999988887769664678553685738744972995
5562 1 14 0 3 0 0 0 0  999988887769664578653685738744972995
5778 1 14 6 3 0 0 0 0  999988887779755668677482648456935993
5779 1 14 6 3 0 1 0 0  999988887779755668677484648256935993
5836 1 14 8 0 2 0 0 0  999988887779766358376586678554944992
5837 1 14 8 0 2 1 0 0  999988887779766358376586678554924994
5850 1 14 8 3 0 0 0 0  999988887779755668674383678256945994
5851 1 14 8 3 0 1 0 0  999988887779755668675482678446953993
5854 1 14 8 3 2 0 0 0  999988887779735668675484678246935995
5862 1 14 8 5 0 0 0 0  999988887779755468274684578666935993
5863 1 14 8 5 0 1 0 0  999988887779755468474682578666935993
5922 1 14 10 3 0 0 0 0  999988887779777668655482648456935993
5923 1 14 10 3 0 1 0 0  999988887779777668655484648256935993
5945 1 15 0 0 2 1 0 0  999988857769865478464686757825933997
5955 1 15 0 2 1 1 0 0  999988847769866578565582747833964997
5957 1 15 0 2 2 1 0 0  999988847769866578264585757833964997
5963 1 15 0 3 2 1 0 0  999988857769866478265684747835935997
5965 1 15 0 4 0 1 0 0  999988847759854678666683737825954997
5967 1 15 0 4 1 1 0 0  999988847759855678666682747833954997
5968 1 15 0 4 2 0 0 0  999988857739845678666682757835944997
5969 1 15 0 4 2 1 0 0  999988857749835678666682757844935997
5971 1 15 0 5 0 1 0 0  999988867749856578256485767846933997
5972 1 15 0 5 1 0 0 0  999988867739846578556582767836944997
5973 1 15 0 5 1 1 0 0  999988867749856578556482767846933997
5974 1 15 0 5 2 0 0 0  999988867749856478356483767856952997
5975 1 15 0 5 2 1 0 0  999988867759836478446582767855936997
6020 1 15 2 1 1 0 0 0  999988857779864668673587635845972994
6022 1 15 2 1 2 0 0 0  999988857779865668675487654833974992
6032 1 15 2 3 1 0 0 0  999988857779844668674587636855973992
6091 1 15 4 1 0 1 0 0  999988857779864668674582655833974997
6101 1 15 4 2 2 1 0 0  999988847779833668674582665855974997
6107 1 15 4 3 2 1 0 0  999988857779835668675484646835972997
6113 1 15 4 4 2 1 0 0  999988847779824668676583635855974997
6119 1 15 4 5 2 1 0 0  999988847779824658373686665855974997
6341 1 16 0 0 2 1 0 0  999988857769865478464686757285933997
6365 1 16 0 4 2 1 0 0  999988857749835678666682757484935997
6369 1 16 0 5 1 1 0 0  999988867749856578556482767486933997
6370 1 16 0 5 2 0 0 0  999988867759836478246584767585936997
6371 1 16 0 5 2 1 0 0  999988867759836478446582767585936997
6416 1 16 2 1 1 0 0 0  999988857779864668673587634585974992
6418 1 16 2 1 2 0 0 0  999988857779865668675487654383974992
6466 1 16 3 3 2 0 0 0  999988877779875668647383656285944995
6495 1 16 4 2 1 1 0 0  999988847779833668674585665285974997
6497 1 16 4 2 2 1 0 0  999988847779833668674582665585974997
6499 1 16 4 3 0 1 0 0  999988857779833668674582656584974997
6501 1 16 4 3 1 1 0 0  999988857779824668674585656383974997
6502 1 16 4 3 2 0 0 0  999988857779825668675483656384974997
6503 1 16 4 3 2 1 0 0  999988857779825668675484646383975997
6507 1 16 4 4 1 1 0 0  999988847779824668676585655383974997
6509 1 16 4 4 2 1 0 0  999988847779824668676583635585974997
6513 1 16 4 5 1 1 0 0  999988847779824658575686665383974997
6515 1 16 4 5 2 1 0 0  999988847779824658373686665585974997
6557 1 16 6 0 2 1 0 0  999988857779875668737482656484935996
6570 1 16 6 3 0 0 0 0  999988847779873668767586536582944995
6598 1 16 7 1 2 0 0 0  999988867779845668765383767285944995
6619 1 16 7 5 0 1 0 0  999988867779856548756485767486933992
6629 1 16 8 0 2 1 0 0  999988857779875668735482676484935996
6642 1 16 8 3 0 0 0 0  999988847779873668763586576582944995
6665 1 16 9 0 2 1 0 0  999988857779877668735482656484935996
6678 1 16 9 3 0 0 0 0  999988847779877668763586536582944995
6701 1 16 10 0 2 1 0 0  999988857669835778777482656484935996
6714 1 16 10 3 0 0 0 0  999988847669863778777586536582944995
6737 1 17 0 0 2 1 0 0  999988887769865378365686757444925997
6757 1 17 0 4 0 1 0 0  999988887759854678666682747533954997
6814 1 17 2 1 2 0 0 0  999988887779864668673587635545972994
6843 1 17 3 0 1 1 0 0  999988887779872668537585656444937996
6845 1 17 3 0 2 1 0 0  999988887779874668337582645655967994
6856 1 17 3 2 2 0 0 0  999988887779874668647582665535937994
6865 1 17 3 4 0 1 0 0  999988887779873668667582564544957993
6871 1 17 3 5 0 1 0 0  999988887779873658257686664544957993
6891 1 17 4 2 1 1 0 0  999988887779824668674585665353974997
6893 1 17 4 2 2 1 0 0  999988887779833668674582665554974997
6897 1 17 4 3 1 1 0 0  999988887779824668674585656353974997
6899 1 17 4 3 2 1 0 0  999988887779824668674583636555974997
6905 1 17 4 4 2 1 0 0  999988887779824668676583635554974997
6911 1 17 4 5 2 1 0 0  999988887779824658373686665554974997
7063 1 17 9 1 0 1 0 0  999988887779877668763582564544956993
7099 1 17 10 1 0 1 0 0  999988887669863778777582564544956993
7140 1 18 0 2 0 0 0 0  999977648889883658778776635464952995
7142 1 18 0 2 1 0 0 0  999977648889883658778776635562945994
7178 1 18 1 2 1 0 0 0  999977748889883778558676636256944995
7180 1 18 1 2 2 0 0 0  999977758889885778448676656436935992
7385 1 18 7 0 2 1 0 0  999977758889885668738472656474935996
7398 1 18 7 3 0 0 0 0  999977748889883668768576536572944995
7466 1 18 9 2 1 0 0 0  999966648889883758278777576553946994
7468 1 18 9 2 2 0 0 0  999966638889883748478777576254956995
7484 1 18 9 5 1 0 0 0  999955538889883768578777476666944992
7529 1 19 0 0 2 1 0 0  999988887769865378365676854744975992
7547 1 19 0 3 2 1 0 0  999988887769866378365672854744975995
7549 1 19 0 4 0 1 0 0  999988887759854678666672845733974995
7613 1 19 2 2 2 1 0 0  999988887779835668675472856464935997
7631 1 19 2 5 2 1 0 0  999988887779835468275674846665935997
7648 1 19 3 2 2 0 0 0  999988887779874668647562865535937994
7663 1 19 3 5 0 1 0 0  999988887779873658257666864544957993
7679 1 19 4 1 2 1 0 0  999988887779824668674563835554976997
7683 1 19 4 2 1 1 0 0  999988887779824668674565865353974997
7685 1 19 4 2 2 1 0 0  999988887779833668674562865554974997
7689 1 19 4 3 1 1 0 0  999988887779824668674565855363974997
7691 1 19 4 3 2 1 0 0  999988887779824668674563835565974997
7697 1 19 4 4 2 1 0 0  999988887779824668676563835554974997
7703 1 19 4 5 2 1 0 0  999988887779824658373666865554974997
7842 1 19 8 5 0 0 0 0  999988887779874568753675836662944995
7946 1 20 0 4 1 0 0 0  999977548889883668773775586662944995
7948 1 20 0 4 2 0 0 0  999977458889885668775774486665933992
8078 1 20 4 2 1 0 0 0  999977748889883768663775586256944995
8080 1 20 4 2 2 0 0 0  999977758889885768665774486436935992
8122 1 20 5 3 2 0 0 0  999977758889885668765476487436935992
8154 1 20 6 3 0 0 0 0  999977778889884668655373687256945994
8155 1 20 6 3 0 1 0 0  999977778889885668655472687446953993
8158 1 20 6 3 2 0 0 0  999977778889885668635474687246935995
8177 1 20 7 0 2 1 0 0  999977758889885668735472686474935996
8190 1 20 7 3 0 0 0 0  999977748889883668763576586572944995
8294 1 20 10 2 1 0 0 0  999966638889883478555765487777946992
8550 1 21 6 3 0 0 0 0  999977778889888668655472647456935993
8551 1 21 6 3 0 1 0 0  999977778889888668655474647256935993
8573 1 21 7 0 2 1 0 0  999977758889888668735472656474935996
8586 1 21 7 3 0 0 0 0  999977748889888668763576536572944995
8611 1 21 8 1 0 1 0 0  999977778889888668763572564544956993
8946 1 22 6 3 0 0 0 0  999977778669655888888472647456935993
8947 1 22 6 3 0 1 0 0  999977778669655888888474647256935993
8969 1 22 7 0 2 1 0 0  999977758669735888888472656474935996
8982 1 22 7 3 0 0 0 0  999977748669763888888576536572944995
9007 1 22 8 1 0 1 0 0  999977778669763888888572564544956993
