0 0 0 0 0 0 0 0 0  999887766798876889767554843995563492
72 1 0 2 0 0 0 0 0  999887777698865889763654856993572494
1144 1 2 9 4 2 0 0 0  999888358896486789447777756995665392
1333 1 3 4 0 0 1 0 0  999888767798766889674552843995573694
1396 1 3 5 4 2 0 0 0  999888457798735889477762866995665493
1444 1 3 7 0 2 0 0 0  999888667798746889475762853995763495
1447 1 3 7 1 0 1 0 0  999888657798755889274766863994763594
1462 1 3 7 3 2 0 0 0  999888547798753889673766866992744595
1504 1 3 8 4 2 0 0 0  999888357798775889447764866995665392
1672 1 4 2 2 2 0 0 0  999888577798753889487766636992446595
1846 1 4 7 1 2 0 0 0  999888547798753889287766636996744595
1852 1 4 7 2 2 0 0 0  999888547798744889287766636993756595
1858 1 4 7 3 2 0 0 0  999888547798753889687766636992744595
1864 1 4 7 4 2 0 0 0  999888547798753889287766666993744595
1866 1 4 7 5 0 0 0 0  999888647798763889587755634994765692
1868 1 4 7 5 1 0 0 0  999888647798763889587755654994763692
1888 1 4 8 2 2 0 0 0  999888357798775889487766656995446392
2063 1 5 2 1 2 1 0 0  999888577798754689687872663994653594
2069 1 5 2 2 2 1 0 0  999888577798754689287876563994653694
2081 1 5 2 4 2 1 0 0  999888577798754689287876663994653594
2083 1 5 2 5 0 1 0 0  999888677798764589587872653994563694
2085 1 5 2 5 1 1 0 0  999888677798764589287875653994563694
2086 1 5 2 5 2 0 0 0  999888677798765389487873654995465692
2087 1 5 2 5 2 1 0 0  999888677798765389387872654995464695
2399 1 6 0 3 2 1 0 0  999888772798487889775664653996635495
2572 1 6 5 2 2 0 0 0  999888357798785889477766656995446392
2648 1 6 7 3 1 0 0 0  999888547798785889673766636992744595
2650 1 6 7 3 2 0 0 0  999888457798785889675766656992744393
2814 1 7 1 1 0 0 0 0  999888858897773789547676636992446595
2816 1 7 1 1 1 0 0 0  999888858897773789457676636992446595
2818 1 7 1 1 2 0 0 0  999888858897775789447676656995436392
2846 1 7 2 0 1 0 0 0  999888848897773689763776445992655596
2952 1 7 5 0 0 0 0 0  999888858897774689763675457996563294
2970 1 7 5 3 0 0 0 0  999888858897774689766675457993563294
3050 1 7 7 4 1 0 0 0  999888848897773689756676634994555297
3052 1 7 7 4 2 0 0 0  999888858897775689726676654995433497
3108 1 7 9 2 0 0 0 0  999888858896663789547777736992446595
3110 1 7 9 2 1 0 0 0  999888858896663789457777736992446595
3112 1 7 9 2 2 0 0 0  999888858896665789447777756995436392
3126 1 7 9 5 0 0 0 0  999888858896545789537777746992666394
3144 1 7 10 2 0 0 0 0  999888858896664789545777776992536394
3251 1 8 2 1 2 1 0 0  999888577798754689687782663994653594
3257 1 8 2 2 2 1 0 0  999888577798754689287786563994653694
3269 1 8 2 4 2 1 0 0  999888577798754689287786663994653594
3271 1 8 2 5 0 1 0 0  999888677798764589587782653994563694
3273 1 8 2 5 1 1 0 0  999888677798764589287785653994563694
3274 1 8 2 5 2 0 0 0  999888677798765389487783654995465692
3275 1 8 2 5 2 1 0 0  999888677798765389387782654995464695
3281 1 8 3 0 2 1 0 0  999888577798774689687682543996653594
3323 1 8 4 1 2 1 0 0  999888577798754689687682643997653594
3329 1 8 4 2 2 1 0 0  999888577798754689287686543997653694
3434 1 8 7 2 1 0 0 0  999888657798763689487786635992755494
3451 1 8 7 5 0 1 0 0  999888657798764589587782653994763694
3453 1 8 7 5 1 1 0 0  999888657798764589287785653994763694
3455 1 8 7 5 2 1 0 0  999888657798765489287784643995763695
3652 1 9 2 2 2 0 0 0  999888577798754689287768636993644595
3711 1 9 4 0 1 1 0 0  999888477798766689387558652997546394
3725 1 9 4 2 2 1 0 0  999888577798754689287668543997663594
3779 1 9 5 5 2 1 0 0  999888547798274389787768536994666595
3832 1 9 7 2 2 0 0 0  999888547798744689287768636993756595
3838 1 9 7 3 2 0 0 0  999888547798753689687768636992744595
3846 1 9 7 5 0 0 0 0  999888647798763589587758634994765692
3866 1 9 8 2 1 0 0 0  999888547798773689587768636992644595
3868 1 9 8 2 2 0 0 0  999888457798775689387768656995644392
4052 1 10 2 3 1 0 0 0  999888857798754889673766636992474595
4156 1 10 5 2 2 0 0 0  999888857798735889477766656995446392
4232 1 10 7 3 1 0 0 0  999888857798754889673766636992744595
4234 1 10 7 3 2 0 0 0  999888857798745889675766656992744393
4260 1 10 8 2 0 0 0 0  999888857798773889547766636992446595
4262 1 10 8 2 1 0 0 0  999888857798773889457766636992446595
4264 1 10 8 2 2 0 0 0  999888857798775889447766656995436392
4644 1 11 8 0 0 0 0 0  999888888797775789664656457993563294
4728 1 11 10 2 0 0 0 0  999888888796665789545777746992536394
4970 1 12 6 0 1 0 0 0  999888848797773889663766574994555296
4972 1 12 6 0 2 0 0 0  999888858797775889665766274995433496
4998 1 12 6 5 0 0 0 0  999888858797774889545765376992666394
5018 1 12 7 2 1 0 0 0  999888848797753889744766636992576595
5020 1 12 7 2 2 0 0 0  999888858797745889735766656992476493
5040 1 12 8 0 0 0 0 0  999888848797773889663756564994567295
5058 1 12 8 3 0 0 0 0  999888848797773889666756534994567295
5064 1 12 8 4 0 0 0 0  999888858797774889545766666992537394
5124 1 12 10 2 0 0 0 0  999888858796664889545777776992536394
5204 1 13 1 3 1 0 0 0  999888858797744789673866636992555497
5240 1 13 2 3 1 0 0 0  999888858797744789674866637993256595
5242 1 13 2 3 2 0 0 0  999888858797745789675866657992446393
5268 1 13 3 2 0 0 0 0  999888858797773789547866636992446595
5270 1 13 3 2 1 0 0 0  999888858797773789457866636992446595
5272 1 13 3 2 2 0 0 0  999888858797775789447866656995436392
5308 1 13 4 2 2 0 0 0  999888858797735789477866656995446392
5366 1 13 6 0 1 0 0 0  999888848797773789663866574994555296
5368 1 13 6 0 2 0 0 0  999888858797775789665866274995433496
5394 1 13 6 5 0 0 0 0  999888858797774789545865376992666394
5436 1 13 8 0 0 0 0 0  999888858797773789663856567992465494
5454 1 13 8 3 0 0 0 0  999888858797774789666856457993563294
5520 1 13 10 2 0 0 0 0  999888858796664789545877776992536394
5545 1 14 0 0 0 1 0 0  999888857796655289764876547998363794
5981 1 15 1 0 2 1 0 0  999888777798766289576865643994583594
6025 1 15 2 2 0 1 0 0  999888757798755689676872543994683694
6031 1 15 2 3 0 1 0 0  999888757798755689676872643994683594
6037 1 15 2 4 0 1 0 0  999888757798755689274876663994683594
6129 1 15 5 1 1 1 0 0  999888557798754689677872663994683594
6133 1 15 5 2 0 1 0 0  999888557798743689277876465995683694
6135 1 15 5 2 1 1 0 0  999888557798754689277876563994683694
6147 1 15 5 4 1 1 0 0  999888557798754689277876663994683594
6171 1 15 6 2 1 1 0 0  999888557798774689656872573994683694
6177 1 15 6 3 1 1 0 0  999888557798774689656872673994683594
6183 1 15 6 4 1 1 0 0  999888557798774689666872573994683594
6202 1 15 7 1 2 0 0 0  999888547798744689676862576993783595
6207 1 15 7 2 1 1 0 0  999888557798754689676862673994783594
6213 1 15 7 3 1 1 0 0  999888557798754689676862573994783694
6219 1 15 7 4 1 1 0 0  999888557798754689276866673994783594
6249 1 15 8 3 1 1 0 0  999888557798774689667872563994683594
6255 1 15 8 4 1 1 0 0  999888557798774689257876663994683594
6285 1 15 9 3 1 1 0 0  999888557798777689664872563994683594
6321 1 15 10 3 1 1 0 0  999888556798664789256877773994683594
6427 1 16 2 3 0 1 0 0  999888757798755689676872643994653894
6433 1 16 2 4 0 1 0 0  999888757798755689274876663994653894
6470 1 16 3 4 1 0 0 0  999888477798774689567866265993553894
6472 1 16 3 4 2 0 0 0  999888577798773689267866564994453895
6598 1 16 7 1 2 0 0 0  999888547798753689676862576993744895
6611 1 16 7 3 2 1 0 0  999888567798754689676862573994753894
6774 1 17 1 1 0 0 0 0  999888857798763689676854657993572494
6950 1 17 6 0 1 0 0 0  999888847798773689644872675993655596
6994 1 17 7 1 2 0 0 0  999888847798753689676862576993744595
7129 1 18 0 0 0 1 0 0  999888887796655289765876547994363794
7151 1 18 0 3 2 1 0 0  999888887796664389754876537994256795
7159 1 18 0 5 0 1 0 0  999888887795564389764875637994265796
7555 1 19 0 5 0 1 0 0  999888857798264589765758643997763694
7559 1 19 0 5 2 1 0 0  999888857798265489765748643997763695
7586 1 19 1 4 1 0 0 0  999888857798754689673668637992474595
7718 1 19 5 2 1 0 0 0  999888847798753689577768636992644595
7720 1 19 5 2 2 0 0 0  999888857798745689377768656995644392
7742 1 19 6 0 1 0 0 0  999888847798773689644778635992655596
7786 1 19 7 1 2 0 0 0  999888847798753689676768536992744595
7949 1 20 0 4 2 1 0 0  999888887798254689756766643997753594
7955 1 20 0 5 2 1 0 0  999888887798254689754766663997753594
7997 1 20 2 0 2 1 0 0  999888887798766289576765643994573594
8610 1 21 8 1 0 0 0 0  999777758898888689664765456992537394
8832 1 22 3 2 0 0 0 0  999777757896664879545888886992536394
8909 1 22 5 2 2 1 0 0  999777546897656879254888883997653694
8915 1 22 5 3 2 1 0 0  999777546897664879256888883997653594
8921 1 22 5 4 2 1 0 0  999777546897666879254888883997653594
8923 1 22 5 5 0 1 0 0  999777645897564879265888883997563694
8925 1 22 5 5 1 1 0 0  999777645897565879264888883997563694
8926 1 22 5 5 2 0 0 0  999777653897465879365888884997465692
8927 1 22 5 5 2 1 0 0  999777653897365879265888884997464695
