0 0 0 0 0 0 0 0 0  999988776789876878967553864564495392
7 1 0 0 1 0 1 0 0  999988773789873878967666845564295594
9 1 0 0 1 1 1 0 0  999988772789874878967666845565393594
10 1 0 0 1 2 0 0 0  999988772789875878967666853465395494
11 1 0 0 1 2 1 0 0  999988772789875878967666854365494395
44 1 0 1 1 1 0 0 0  999988657789874878953666837464792595
50 1 0 1 2 1 0 0 0  999988547789873878944666837566792595
52 1 0 1 2 2 0 0 0  999988457789875878935666857466792493
68 1 0 1 5 1 0 0 0  999988647789873878963555827464795696
152 1 0 4 1 1 0 0 0  999988657789874878953666837762494595
164 1 0 4 3 1 0 0 0  999988547789873878944666837762596595
166 1 0 4 3 2 0 0 0  999988457789875878935666857762496493
258 1 0 7 1 0 0 0 0  999988757789873878963676865465592494
366 1 0 10 1 0 0 0 0  999988466689865878936754857777592493
408 1 1 0 2 0 0 0 0  999988858879763678973877665465592494
427 1 1 0 5 0 1 0 0  999988858879764378974877635265594696
430 1 1 0 5 2 0 0 0  999988858879765278975877653464493696
450 1 1 1 3 0 0 0 0  999988858879774778963876665645593294
578 1 1 5 0 1 0 0 0  999988858879774678963867537464692595
612 1 1 6 0 0 0 0 0  999988858879777678964865457563693294
798 1 2 0 1 0 0 0 0  999988858889774668977767635645593294
823 1 2 0 5 0 1 0 0  999988848889774368977757536666594295
972 1 2 5 0 0 0 0 0  999988848889777668973567534765694592
997 1 2 5 4 0 1 0 0  999988848889777638976667645753594295
1117 1 2 9 0 0 1 0 0  999988858889664728967777746655393594
1135 1 2 9 3 0 1 0 0  999988848889666738967777745653594295
1232 1 3 1 1 1 0 0 0  999988857779844868974866636555793792
1347 1 3 4 2 1 1 0 0  999988847779833858975866646554296797
1349 1 3 4 2 2 1 0 0  999988847779833858974866646555296797
1353 1 3 4 3 1 1 0 0  999988847779833858975866645654296797
1355 1 3 4 3 2 1 0 0  999988847779833858974866645655296797
1365 1 3 4 5 1 1 0 0  999988847779833868974855546666295797
1387 1 3 5 3 0 1 0 0  999988847779864838977876665653594295
1422 1 3 6 3 0 0 0 0  999988857779874868966877636545593294
1495 1 3 8 3 0 1 0 0  999988847779874838967876665653594295
1590 1 4 0 1 0 0 0 0  999988847769866888973756537644592795
1716 1 4 3 4 0 0 0 0  999988877779873888957666635456592494
1735 1 4 4 1 0 1 0 0  999988857779864888974666335265594797
1738 1 4 4 1 2 0 0 0  999988857779865888975666253464493797
1755 1 4 4 4 1 1 0 0  999988847779833888974666645556295797
1761 1 4 4 5 1 1 0 0  999988847779833888974666665554295797
1818 1 4 6 3 0 0 0 0  999988857779874888963677666545593294
1844 1 4 7 1 1 0 0 0  999988847779853888973676626744596595
1846 1 4 7 1 2 0 0 0  999988857779845888975676656744396392
1993 1 5 0 2 0 1 0 0  999988867769866288976785547353594794
2003 1 5 0 3 2 1 0 0  999988857769866488975784647635295793
2011 1 5 0 5 0 1 0 0  999988867759856488976784467526393795
2015 1 5 0 5 2 1 0 0  999988867759836488976784467555296793
2130 1 5 4 1 0 0 0 0  999988867779855688976686534245493797
2141 1 5 4 2 2 1 0 0  999988857779845688975686456246393797
2151 1 5 4 4 1 1 0 0  999988847779833688976686645554295797
2157 1 5 4 5 1 1 0 0  999988847779833688974686665554295797
2178 1 5 5 3 0 0 0 0  999988857779864688977687636545593294
2196 1 5 6 0 0 0 0 0  999988857779874688963687476525593694
2386 1 6 0 1 2 0 0 0  999988867789853878953676624756497495
2392 1 6 0 2 2 0 0 0  999988847789853878944676636756297595
2398 1 6 0 3 2 0 0 0  999988847789853878944676632756697595
2404 1 6 0 4 2 0 0 0  999988847789853878953676666744297595
2406 1 6 0 5 0 0 0 0  999988857789864878963475652764597693
2408 1 6 0 5 1 0 0 0  999988847789863878963575654764597692
2420 1 6 1 1 1 0 0 0  999988857789874878963666537464792595
2426 1 6 1 2 1 0 0 0  999988847789873878953666447566792595
2428 1 6 1 2 2 0 0 0  999988857789875878945666357466792493
2438 1 6 1 4 1 0 0 0  999988857789874878944666637256793595
2440 1 6 1 4 2 0 0 0  999988857789875878945666657446792393
2456 1 6 2 1 1 0 0 0  999988847789873878953676626744596595
2458 1 6 2 1 2 0 0 0  999988857789875878945676656744396392
2528 1 6 4 1 1 0 0 0  999988857789874878963666537762494595
2540 1 6 4 3 1 0 0 0  999988847789873878953666447762596595
2542 1 6 4 3 2 0 0 0  999988857789875878945666357762496493
2718 1 6 9 3 0 0 0 0  999988857789864868966777736545593294
2773 1 7 0 0 0 1 0 0  999988888879766278976677645354594395
2940 1 7 4 4 0 0 0 0  999988888879773778957666635456592494
3181 1 8 0 2 0 1 0 0  999988867769866288976758547353594794
3271 1 8 2 5 0 1 0 0  999988857779855288974678546666393794
3318 1 8 4 1 0 0 0 0  999988867779855688976668534245493797
3339 1 8 4 4 1 1 0 0  999988847779833688976668645554295797
3345 1 8 4 5 1 1 0 0  999988847779833688974668665554295797
3366 1 8 5 3 0 0 0 0  999988857779864688977678636545593294
3384 1 8 6 0 0 0 0 0  999988857779874688963678476525593694
3577 1 9 0 2 0 1 0 0  999988867769866388976753857444592795
3594 1 9 0 5 0 0 0 0  999988867759856488976743867526394795
3598 1 9 0 5 2 0 0 0  999988867759836488976742867555496793
3599 1 9 0 5 2 1 0 0  999988867759836488976744867555296793
3615 1 9 1 2 1 1 0 0  999988857779855688975662843664793794
3616 1 9 1 2 2 0 0 0  999988857779845688975662853664793794
3617 1 9 1 2 2 1 0 0  999988857779845688975662853646793794
3619 1 9 1 3 0 1 0 0  999988857779855688976662843654793794
3641 1 9 2 0 2 1 0 0  999988867779866388975673854265494795
3671 1 9 2 5 2 1 0 0  999988857779835488975674846666295793
3724 1 9 4 2 2 0 0 0  999988857779825688975664854663493797
3725 1 9 4 2 2 1 0 0  999988857779825688975663834665494797
3729 1 9 4 3 1 1 0 0  999988847779824688976663835655594797
3730 1 9 4 3 2 0 0 0  999988857779825688976663854645394797
3735 1 9 4 4 1 1 0 0  999988847779833688976666845554295797
3741 1 9 4 5 1 1 0 0  999988847779833688974666865554295797
3745 1 9 5 0 0 1 0 0  999988867779866288977675845564395394
3749 1 9 5 0 2 1 0 0  999988867779866288977675843564593594
3780 1 9 6 0 0 0 0 0  999988857779874688963677836545592694
3782 1 9 6 0 1 0 0 0  999988857779874688963677836555494692
3786 1 9 6 1 0 0 0 0  999988857779874688966677836545593294
3800 1 9 6 3 1 0 0 0  999988847779873688966677834555594692
3806 1 9 6 4 1 0 0 0  999988857779874688953677836662494595
3821 1 9 7 0 2 1 0 0  999988867779866388975673854765494295
3830 1 9 7 2 1 0 0 0  999988857779854688973676836762494595
3860 1 9 8 1 1 0 0 0  999988847779873688967676835525494596
3870 1 9 8 3 0 0 0 0  999988857779874688967676836545593294
4110 1 10 4 1 0 0 0 0  999988887779855868976666534245493797
4131 1 10 4 4 1 1 0 0  999988887779833868974666645554295797
4362 1 11 0 1 0 0 0 0  999987758889884668977767635645593294
4387 1 11 0 5 0 1 0 0  999987748889884368977757536666594295
4536 1 11 5 0 0 0 0 0  999987778889884668973567534765694592
4561 1 11 5 4 0 1 0 0  999987778889884638976667645753594295
4681 1 11 9 0 0 1 0 0  999986658889884728967777746655393594
4699 1 11 9 3 0 1 0 0  999986668889884738967777745653594295
4834 1 12 2 1 2 0 0 0  999988888779756878953676634456297495
4840 1 12 2 2 2 0 0 0  999988888779753878953676626446497595
4846 1 12 2 3 2 0 0 0  999988888779753878953676624456697495
5561 1 14 0 2 2 1 0 0  999988887769664378954687538276794595
5567 1 14 0 3 2 1 0 0  999988887769656278954687548373794695
5573 1 14 0 4 2 1 0 0  999988887769666278954687548373794595
5577 1 14 0 5 1 1 0 0  999988887759565278964587648373794696
5579 1 14 0 5 2 1 0 0  999988887759264378964587638575794696
5621 1 14 2 0 2 1 0 0  999988887779665268975487658644395397
5641 1 14 2 4 0 1 0 0  999988887779554638974687668653594297
5647 1 14 2 5 0 1 0 0  999988887779554368974687538666594297
5731 1 14 5 1 0 1 0 0  999988887779666568977587348654294593
5957 1 15 0 2 2 1 0 0  999988857769866278965487657844393795
6135 1 15 5 2 1 1 0 0  999988847779855628977687646856393594
6139 1 15 5 3 0 1 0 0  999988847779864668977387665853594295
6157 1 15 6 0 0 1 0 0  999988857779874668955287676854393694
6209 1 15 7 2 2 1 0 0  999988867779856668976287547854393594
6265 1 15 9 0 0 1 0 0  999988857779877668955287646854393694
6301 1 15 10 0 0 1 0 0  999988856769855728964787776854393694
6341 1 16 0 0 2 1 0 0  999988847769864578964587557683693792
6359 1 16 0 3 2 1 0 0  999988857769866478965687447385395792
6367 1 16 0 5 0 1 0 0  999988867759856478956487467586393792
6431 1 16 2 3 2 1 0 0  999988857779825668976487656484395397
6437 1 16 2 4 2 1 0 0  999988857779825648975687666484395397
6469 1 16 3 4 0 1 0 0  999988877779875638967686465385592494
6489 1 16 4 1 1 1 0 0  999988847779824668976586555383694797
6503 1 16 4 3 2 1 0 0  999988857779835668976486356484295797
6507 1 16 4 4 1 1 0 0  999988847779833658976686645584295797
6529 1 16 5 2 0 1 0 0  999988857779855628977687646684393594
6535 1 16 5 3 0 1 0 0  999988847779864668977387665583295594
6557 1 16 6 0 2 1 0 0  999988857779875668935487676484295693
6570 1 16 6 3 0 0 0 0  999988857779874668936287676585494593
6607 1 16 7 3 0 1 0 0  999988857779855668976287647684393594
6613 1 16 7 4 0 1 0 0  999988857779855628974687667684393594
6629 1 16 8 0 2 1 0 0  999988857779875668937487656484295693
6665 1 16 9 0 2 1 0 0  999988857779877668935487656484295693
6701 1 16 10 0 2 1 0 0  999988856769835748965787776484295693
6817 1 17 2 2 0 1 0 0  999988887779855668976487526644395397
7137 1 18 0 1 1 1 0 0  999977558889884738958676646773296594
7291 1 18 4 3 0 1 0 0  999977748889884738968776665653594295
7393 1 18 7 2 0 1 0 0  999977758889884628978676556764393594
7405 1 18 7 4 0 1 0 0  999977748889884668978376665753594295
7411 1 18 7 5 0 1 0 0  999977748889884638978676665753594295
7525 1 19 0 0 0 1 0 0  999988887769864378964676835754597295
7561 1 19 1 0 0 1 0 0  999988887779866558976652843564793794
7567 1 19 1 1 0 1 0 0  999988887779864668976552843563795794
7631 1 19 2 5 2 1 0 0  999988887779835468975674846665295793
7679 1 19 4 1 2 1 0 0  999988887779824668976563835554694797
7759 1 19 6 3 0 1 0 0  999988887779874668964377866553594295
7992 1 20 2 0 0 0 0 0  999977758889883768963676584755492496
7994 1 20 2 0 1 0 0 0  999977738889883768962676585755494496
8064 1 20 4 0 0 0 0 0  999977758889884768963775686545693294
8185 1 20 7 2 0 1 0 0  999977748889884668976376685753594295
8197 1 20 7 4 0 1 0 0  999977748889884638976676685753594295
8593 1 21 7 4 0 1 0 0  999977748889888638976676645753594295
8929 1 22 6 0 0 1 0 0  999977776869554837964888887653594296
8969 1 22 7 0 2 1 0 0  999977756869735847965888886474295693
