0 0 0 0 0 0 0 0 0  999887768799785687976688556494452393
31 1 0 0 5 0 1 0 0  999887768799786287976588565396444395
606 1 1 5 5 0 0 0 0  999888748899777586953467856794663592
842 1 2 1 2 1 0 0 0  999888448899785787974766636793256595
844 1 2 1 2 2 0 0 0  999888458899785787975766656792446393
884 1 2 2 3 1 0 0 0  999888548899683787973766626597744595
886 1 2 2 3 2 0 0 0  999888458899685787975766656397744392
1064 1 2 7 3 1 0 0 0  999888758899684787973766636494752595
1246 1 3 1 3 2 0 0 0  999888548799787787953686637296644595
1254 1 3 1 5 0 0 0 0  999888658799787787963584657593464692
1270 1 3 2 1 2 0 0 0  999888548799787787944686636793256595
1640 1 4 1 3 1 0 0 0  999888548799773787983686627596644595
1642 1 4 1 3 2 0 0 0  999888458799775787985686657396644392
1650 1 4 1 5 0 0 0 0  999888658799773787983584657592464696
1664 1 4 2 1 1 0 0 0  999888448799775787984686636793256595
1666 1 4 2 1 2 0 0 0  999888458799775787985686656792446393
2036 1 5 1 3 1 0 0 0  999888548799773787944866637692586595
2038 1 5 1 3 2 0 0 0  999888458799775787935866657692486493
2046 1 5 1 5 0 0 0 0  999888658799773787963854657494582696
2066 1 5 2 2 1 0 0 0  999888548799773787944866636792586595
2068 1 5 2 2 2 0 0 0  999888458799775787935866656792486493
2178 1 5 5 3 0 0 0 0  999888658799774786966875456793583294
2244 1 5 7 2 0 0 0 0  999888758799774786966865456793583294
2442 1 6 1 5 0 0 0 0  999888658799773787963584857592464696
2630 1 6 7 0 1 0 0 0  999888758799774786963684846793555692
2786 1 7 0 2 1 0 0 0  999888858899774687973767636494652595
2879 1 7 2 5 2 1 0 0  999888858899777286975767456393665494
3224 1 8 1 3 1 0 0 0  999888548799773787944686637596682595
3226 1 8 1 3 2 0 0 0  999888458799775787935686657496682493
3234 1 8 1 5 0 0 0 0  999888658799773787963584657592484696
3248 1 8 2 1 1 0 0 0  999888548799773787944686636792586595
3250 1 8 2 1 2 0 0 0  999888458799775787935686656792486493
3366 1 8 5 3 0 0 0 0  999888658799774786966785456593783294
3426 1 8 7 1 0 0 0 0  999888758799774786966685456793583294
3444 1 8 7 4 0 0 0 0  999888758799774785945686666793583294
3614 1 9 1 2 1 0 0 0  999888547799875687983686537792644695
3616 1 9 1 2 2 0 0 0  999888457799875687985686357792644693
3622 1 9 1 3 2 0 0 0  999888547799873687986686537792644595
3672 1 9 3 0 0 0 0 0  999888667799877287986685657594345394
3673 1 9 3 0 0 1 0 0  999888667799877387986685637595245494
3830 1 9 7 2 1 0 0 0  999888757799874687983786635692655494
3921 1 9 9 5 1 1 0 0  999888552799857786984787746393666594
3970 1 10 0 1 2 0 0 0  999888848799753787944686636797256595
4016 1 10 1 3 1 0 0 0  999888848799773787953686627596644595
4018 1 10 1 3 2 0 0 0  999888858799775787945686657396644392
4026 1 10 1 5 0 0 0 0  999888858799773787963584657592464696
4040 1 10 2 1 1 0 0 0  999888858799774787944686636793256595
4042 1 10 2 1 2 0 0 0  999888858799775787945686656792446393
4142 1 10 5 0 1 0 0 0  999888858799774786963784646693752595
4218 1 10 7 1 0 0 0 0  999888858799774786966685456793573294
4236 1 10 7 4 0 0 0 0  999888858799774785945686666793573294
4372 1 11 0 2 2 0 0 0  999888888799753787953666524797466495
4762 1 12 0 1 2 0 0 0  999888868799753887953766624497756495
4768 1 12 0 2 2 0 0 0  999888848799753887944766636297756595
4774 1 12 0 3 2 0 0 0  999888848799753887944766632697756595
4780 1 12 0 4 2 0 0 0  999888848799753887953766666297744595
4782 1 12 0 5 0 0 0 0  999888858799764887963745652597764693
4784 1 12 0 5 1 0 0 0  999888848799763887963755654597764692
4808 1 12 1 3 1 0 0 0  999888858799774887944766637693256595
4810 1 12 1 3 2 0 0 0  999888858799775887945766657692446393
4818 1 12 1 5 0 0 0 0  999888858799773887963754657494562696
4932 1 12 5 0 0 0 0 0  999888858799773886963766475495752496
4934 1 12 5 0 1 0 0 0  999888838799773886962766475595744596
5018 1 12 7 2 1 0 0 0  999888858799774886973766636494752595
5024 1 12 7 3 1 0 0 0  999888858799774886973766635692755494
5034 1 12 7 5 0 0 0 0  999888858799774886973765456593766294
5158 1 13 0 1 2 0 0 0  999888868799753787953866624797456495
5164 1 13 0 2 2 0 0 0  999888848799753787944866636797256595
5204 1 13 1 3 1 0 0 0  999888858799774787944866637693256595
5206 1 13 1 3 2 0 0 0  999888858799775787945866657692446393
5214 1 13 1 5 0 0 0 0  999888858799773787963854657494562696
5234 1 13 2 2 1 0 0 0  999888858799774787944866636793256595
5236 1 13 2 2 2 0 0 0  999888858799775787945866656792446393
5412 1 13 7 2 0 0 0 0  999888858799774786966865456793573294
5546 1 14 0 0 1 0 0 0  999888857799664587963867557298644793
5549 1 14 0 0 2 1 0 0  999888857799665487965867447298635793
5555 1 14 0 1 2 1 0 0  999888847799666387954867537298654795
5652 1 14 3 0 0 0 0 0  999888857799773687963865457598446692
5992 1 15 1 2 2 0 0 0  999888547799752687966866447397388595
6004 1 15 1 4 2 0 0 0  999888547799744687956866627397388595
6010 1 15 1 5 2 0 0 0  999888547799752687944866667397388595
6066 1 15 3 3 0 0 0 0  999888637799773687966865527494588495
6085 1 15 4 0 0 1 0 0  999888767799766685975854623495388497
6304 1 15 10 0 2 0 0 0  999888666799563784943877774596588592
6305 1 15 10 0 2 1 0 0  999888666799563784944877772596588593
6390 1 16 1 3 0 0 0 0  999888657799874687966865457793583294
6498 1 16 4 3 0 0 0 0  999888657799874687966865457593783294
6558 1 16 6 1 0 0 0 0  999888467799877686965877365495582493
6623 1 16 7 5 2 1 0 0  999888767799876287946857465396585394
6784 1 17 1 2 2 0 0 0  999888837799753687966866527497448595
6796 1 17 1 4 2 0 0 0  999888837799753687956866627497448595
6802 1 17 1 5 2 0 0 0  999888837799753687952866667497448595
6840 1 17 3 0 0 0 0 0  999888857799774687962865357494638596
6842 1 17 3 0 1 0 0 0  999888837799773687962865557494658496
6858 1 17 3 3 0 0 0 0  999888847799773687966865537494528695
6894 1 17 4 3 0 0 0 0  999888837799763687966865527494578495
6948 1 17 6 0 0 0 0 0  999888847799773687967865536494528695
7020 1 17 8 0 0 0 0 0  999888847799773687963865576494528695
7056 1 17 9 0 0 0 0 0  999888847799777687963865536494528695
7139 1 18 0 1 2 1 0 0  999888887799666287954867547393654795
7236 1 18 3 0 0 0 0 0  999888887799774687963865537494526695
7559 1 19 0 5 2 1 0 0  999888857799865487965784643397765692
7560 1 19 1 0 0 0 0 0  999888857799874687963685457796563294
7578 1 19 1 3 0 0 0 0  999888857799874687966685457793563294
7613 1 19 2 2 2 1 0 0  999888857799875687966783354494765692
7632 1 19 3 0 0 0 0 0  999888857799877687964685457693563294
7686 1 19 4 3 0 0 0 0  999888857799874687966685457593763294
7937 1 20 0 2 2 1 0 0  999888887799666287954786543697753594
7955 1 20 0 5 2 1 0 0  999888887799465287965784653497763695
8028 1 20 3 0 0 0 0 0  999888887799775687964685457693563294
8604 1 21 8 0 0 0 0 0  999777748699863888988765536494527695
