0 0 0 0 0 0 0 0 0  999988778479987768694868746553529635
1 1 0 0 0 0 1 0 0  999988778379987768694868736554529645
107 1 0 2 5 2 1 0 0  999988658779987748795838657464369652
210 1 0 5 5 0 0 0 0  999988658779987758495878645763269643
269 1 0 7 2 2 1 0 0  999988578779987768696828547354659634
275 1 0 7 3 2 1 0 0  999988578779987768696828547364659534
281 1 0 7 4 2 1 0 0  999988578779987768394828547666659534
287 1 0 7 5 2 1 0 0  999988578779987738694828547653659664
323 1 0 8 5 2 1 0 0  999988658749985778797838657464369652
558 1 1 4 3 0 0 0 0  999988858879977778794866626545539364
846 1 2 1 3 0 0 0 0  999988858889974778793676636545579264
886 1 2 2 3 2 0 0 0  999988858889935778795676656447479362
950 1 2 4 2 1 0 0 0  999988858889974778793666732566579454
952 1 2 4 2 2 0 0 0  999988858889975778795666754466379432
1054 1 2 7 1 2 0 0 0  999988868889925778795676654476349375
1060 1 2 7 2 2 0 0 0  999988858889935778795676656476449372
1064 1 2 7 3 1 0 0 0  999988848889944778793676635276659575
1066 1 2 7 3 2 0 0 0  999988858889935778795676654476649372
1074 1 2 7 5 0 0 0 0  999988858889963778793574655474269676
1208 1 3 0 3 1 0 0 0  999988858789974768793668637572649554
1302 1 3 3 1 0 0 0 0  999988858789974778797668625645539364
1338 1 3 4 1 0 0 0 0  999988858789977778794668625645539364
1486 1 3 8 1 2 0 0 0  999988848789953778797668637644259565
1592 1 4 0 1 1 0 0 0  999988848779953788793668627644579565
1594 1 4 0 1 2 0 0 0  999988858779945788795668657644379362
1634 1 4 1 2 1 0 0 0  999988858779974788793668632656759445
1636 1 4 1 2 2 0 0 0  999988858779975788795668654646739423
1658 1 4 2 0 1 0 0 0  999988848779973788793668527644569565
1660 1 4 2 0 2 0 0 0  999988858779975788795668457644369362
1664 1 4 2 1 1 0 0 0  999988858779974788793668637644259565
1666 1 4 2 1 2 0 0 0  999988858779975788795668657644349362
1698 1 4 3 1 0 0 0 0  999988858779977788794668625645539364
1734 1 4 4 1 0 0 0 0  999988858779974788797668625645539364
1844 1 4 7 1 1 0 0 0  999988858779974788693668637652459745
2000 1 5 0 3 1 0 0 0  999988858779954768793686637852679445
2002 1 5 0 3 2 0 0 0  999988858779945768795686657844679332
2030 1 5 1 2 1 0 0 0  999988858779974768793686636852759445
2032 1 5 1 2 2 0 0 0  999988858779975768795686656844749332
2072 1 5 2 3 1 0 0 0  999988858779974768793686637852659445
2074 1 5 2 3 2 0 0 0  999988858779975768795686657844649332
2162 1 5 5 0 1 0 0 0  999988858779974768693687637852659445
2164 1 5 5 0 2 0 0 0  999988858779975768695687657844649332
2182 1 5 5 3 2 0 0 0  999988848779973768696687537852659445
2190 1 5 5 5 0 0 0 0  999988848779973758593487647865569626
2244 1 5 7 2 0 0 0 0  999988858779974768696685457863529734
2520 1 6 4 0 0 0 0 0  999988858779974768797868636545529634
2539 1 6 4 3 0 1 0 0  999988848779974738797868666553529645
2558 1 6 5 0 1 0 0 0  999988848779973768693878526744569565
2560 1 6 5 0 2 0 0 0  999988858779975768695878456744369362
2586 1 6 5 5 0 0 0 0  999988858779974758495878635763269646
2663 1 6 7 5 2 1 0 0  999988868779976728596838467546539754
3188 1 8 0 3 1 0 0 0  999988858779954768793668637852679445
3190 1 8 0 3 2 0 0 0  999988858779945768795668657844679332
3218 1 8 1 2 1 0 0 0  999988858779974768793668632856759445
3220 1 8 1 2 2 0 0 0  999988858779975768795668654846739423
3260 1 8 2 3 1 0 0 0  999988858779974768793668637852659445
3262 1 8 2 3 2 0 0 0  999988858779975768795668657844649332
3350 1 8 5 0 1 0 0 0  999988858779974768693678632857659445
3352 1 8 5 0 2 0 0 0  999988858779975768695678654847639423
3370 1 8 5 3 2 0 0 0  999988848779973768696678532857659445
3378 1 8 5 5 0 0 0 0  999988848779973758593478645867269656
3422 1 8 7 0 1 0 0 0  999988858779974768693648647853659725
3432 1 8 7 2 0 0 0 0  999988858779974768696658457863529734
3595 1 9 0 5 0 1 0 0  999988867729986388796758365576749454
3650 1 9 2 2 1 0 0 0  999988857779984688793678636652459745
3654 1 9 2 3 0 0 0 0  999988857779984688796678636545529734
3660 1 9 2 4 0 0 0 0  999988857779984688793678666545529734
3677 1 9 3 0 2 1 0 0  999988867779987688796628546354759534
3722 1 9 4 2 1 0 0 0  999988857779984688793668534664759725
3745 1 9 5 0 0 1 0 0  999988847779984388797678636554659256
3762 1 9 5 3 0 0 0 0  999988857779984688797678636545529634
3888 1 9 9 0 0 0 0 0  999988856769987788694778736545529634
3924 1 9 10 0 0 0 0 0  999988856769984788693778776545529634
4271 1 10 8 3 2 1 0 0  999988888779977768696628547354659534
4633 1 11 7 4 0 1 0 0  999987778889988658796666725347549534
5022 1 12 7 3 0 0 0 0  999988888779975878694676636545529734
5299 1 13 4 1 0 1 0 0  999988888779976758797686625346549534
5957 1 15 0 2 2 1 0 0  999988857769966378395487657844269785
6013 1 15 2 0 0 1 0 0  999988867779966568795385732865749484
6131 1 15 5 1 2 1 0 0  999988847779954668797386766853259584
6135 1 15 5 2 1 1 0 0  999988847779955638797686746863259584
6149 1 15 5 4 2 1 0 0  999988847779954638797686766853259584
6171 1 15 6 2 1 1 0 0  999988847779974638797686556863259584
6213 1 15 7 3 1 1 0 0  999988847779955668796386747863259584
6219 1 15 7 4 1 1 0 0  999988847779955638794686767863259584
6251 1 15 8 3 2 1 0 0  999988847779974668796386576853259584
6287 1 15 9 3 2 1 0 0  999988847779977668796386546853259584
6396 1 16 1 4 0 0 0 0  999988857779984648796686632854779553
6398 1 16 1 4 1 0 0 0  999988847779983658796686635852779445
6410 1 16 2 0 1 0 0 0  999988857779984668793586736855749624
6749 1 17 0 2 2 1 0 0  999988887769966378495387657825469745
6809 1 17 2 0 2 1 0 0  999988887779966538796585756863749424
6923 1 17 5 1 2 1 0 0  999988887779954668797286766854359534
6941 1 17 5 4 2 1 0 0  999988887779954628797686766854359534
7043 1 17 8 3 2 1 0 0  999988887779974668796286576854359534
7079 1 17 9 3 2 1 0 0  999988887779977668796286546854359534
7182 1 18 1 3 0 0 0 0  999977758889988778894676626545539364
7439 1 18 8 3 2 1 0 0  999977778889988668896276546754359534
7829 1 19 8 2 2 1 0 0  999988887779987668796278546654359534
7865 1 19 9 2 2 1 0 0  999988887669986778797278546654359534
7921 1 20 0 0 0 1 0 0  999977668889988658797778625346549534
7955 1 20 0 5 2 1 0 0  999977548889988268797778546666359534
7992 1 20 2 0 0 0 0 0  999977758889988668794778636545529634
8225 1 20 8 2 2 1 0 0  999977778889988668796278546654359534
8370 1 21 1 3 0 0 0 0  999977758779984888898676626545539364
8627 1 21 8 3 2 1 0 0  999977778669986888898276546754359534
