0 0 0 0 0 0 0 0 0  999887768499787786996688746559524335
288 1 0 8 0 0 0 0 0  999886658799784787993788736659455246
1240 1 3 1 2 2 0 0 0  999888548799787787993686637259644565
1636 1 4 1 2 2 0 0 0  999888548799773787998686637259644565
1763 1 4 4 5 2 1 0 0  999888578799772384998386574659647665
2246 1 5 7 2 1 0 0 0  999888758799774786993866636749582554
2250 1 5 7 3 0 0 0 0  999888758799773786993866625759485464
2438 1 6 1 4 1 0 0 0  999888548799773787993586867659644625
2440 1 6 1 4 2 0 0 0  999888458799775787995486867649635623
2576 1 6 5 3 1 0 0 0  999888548799775786993786836669752445
2578 1 6 5 3 2 0 0 0  999888458799775786995786856669744332
2786 1 7 0 2 1 0 0 0  999888858899774786993667637579644552
2952 1 7 5 0 0 0 0 0  999888848899777686993657535769672445
3098 1 7 9 0 1 0 0 0  999888848899663785997777736659552446
3218 1 8 1 2 1 0 0 0  999888448799775787994686637259683565
3220 1 8 1 2 2 0 0 0  999888458799775787995686657449682363
3428 1 8 7 1 1 0 0 0  999888758799774786993686636749582554
3616 1 9 1 2 2 0 0 0  999888547799873687998686537759644625
3622 1 9 1 3 2 0 0 0  999888547799873687998686537769652445
3646 1 9 2 1 2 0 0 0  999888547799873687998786636659752445
3667 1 9 2 5 0 1 0 0  999888657799874287998785653569763644
3671 1 9 2 5 2 1 0 0  999888657799875287998784653469763645
3730 1 9 4 3 2 0 0 0  999888547799873687998686537269744565
3815 1 9 6 5 2 1 0 0  999888547799877286998787546359666534
3817 1 9 7 0 0 1 0 0  999888747799874387998786636659554256
3887 1 9 8 5 2 1 0 0  999888547799877287998786543659653664
3905 1 9 9 2 2 1 0 0  999888542799857786998787746669356534
3911 1 9 9 3 2 1 0 0  999888542799857786998787746669353564
3923 1 9 9 5 2 1 0 0  999888542799857786998787746359666534
3959 1 9 10 5 2 1 0 0  999888542799854786998787776359666534
4010 1 10 1 2 1 0 0 0  999888858799774787993686637259644565
4012 1 10 1 2 2 0 0 0  999888858799775787995686657449642363
4220 1 10 7 1 1 0 0 0  999888858799774786993686636749572554
4772 1 12 0 3 1 0 0 0  999888848799753887993766626579744565
4774 1 12 0 3 2 0 0 0  999888858799745887995766656379744362
4782 1 12 0 5 0 0 0 0  999888858799764887993754655279763646
4790 1 12 1 0 1 0 0 0  999888848799773887993766447659562556
4836 1 12 2 2 0 0 0 0  999888858799773886993766627549446575
4838 1 12 2 2 1 0 0 0  999888858799773886993766627459446575
4840 1 12 2 2 2 0 0 0  999888858799775886995766657449436372
4854 1 12 2 5 0 0 0 0  999888858799774886992765457539666374
4910 1 12 4 2 1 0 0 0  999888858799774887993676637259644565
4912 1 12 4 2 2 0 0 0  999888858799775887995676657449642363
4956 1 12 5 4 0 0 0 0  999888858799774886996775456539662374
4962 1 12 5 5 0 0 0 0  999888858799774886992775456539666374
5010 1 12 7 1 0 0 0 0  999888848799773886996766635459725547
5016 1 12 7 2 0 0 0 0  999888858799774886993766636459755247
5018 1 12 7 2 1 0 0 0  999888858799773886993766626549744557
5022 1 12 7 3 0 0 0 0  999888858799773886993766625659745447
5024 1 12 7 3 1 0 0 0  999888858799773886993766625649755447
5028 1 12 7 4 0 0 0 0  999888848799773886993766665459725547
5034 1 12 7 5 0 0 0 0  999888858799773886993765456529766447
5186 1 13 1 0 1 0 0 0  999888848799773787993866447659562556
5414 1 13 7 2 1 0 0 0  999888858799774786993866636749572554
5418 1 13 7 3 0 0 0 0  999888858799773786993866625759475464
5581 1 14 1 0 0 1 0 0  999888787799766287996865654589474335
5585 1 14 1 0 2 1 0 0  999888787799766287996865643589573544
5797 1 14 7 0 0 1 0 0  999888487799766587996865735789563424
5801 1 14 7 0 2 1 0 0  999888387799766587996855756789462443
5953 1 15 0 2 0 1 0 0  999888776799676387997856535629488445
6091 1 15 4 1 0 1 0 0  999888577799755686997826656439488347
6097 1 15 4 2 0 1 0 0  999888577799755682997864656439688347
6098 1 15 4 2 1 0 0 0  999888377799744682997865656539688547
6100 1 15 4 2 2 0 0 0  999888377799744682997865646539688557
6121 1 15 5 0 0 1 0 0  999888667799736287997854756469588345
6151 1 15 5 5 0 1 0 0  999888557799735487997846742659688663
6259 1 15 8 5 0 1 0 0  999888557799775487993846472659688663
6305 1 15 10 0 2 1 0 0  999888666799564782994877773539588564
6331 1 15 10 5 0 1 0 0  999888554799635784994877772659688663
6367 1 16 0 5 0 1 0 0  999888773799873687997866665459582445
6494 1 16 4 2 1 0 0 0  999888547799875687993866447659783625
6496 1 16 4 2 2 0 0 0  999888457799875687995866357639784624
6502 1 16 4 3 2 0 0 0  999888547799873687996866537659782445
6625 1 16 8 0 0 1 0 0  999888667799877387996867635459582445
6948 1 17 6 0 0 0 0 0  999888857799774287997866556369358464
7574 1 19 1 2 1 0 0 0  999888857799874687993686537759644625
7576 1 19 1 2 2 0 0 0  999888857799875687995686457739644623
7705 1 19 5 0 0 1 0 0  999888847799874387997786636659554256
7807 1 19 7 5 0 1 0 0  999888867799876287996785465549356734
7811 1 19 7 5 2 1 0 0  999888867799876287996785463549536754
7937 1 20 0 2 2 1 0 0  999888887799666287994786543679753545
7993 1 20 2 0 0 1 0 0  999888887799766387996786635459572445
8135 1 20 5 5 2 1 0 0  999888887799754287997786543659653664
8173 1 20 7 0 0 1 0 0  999888887799766387996786634559544725
8532 1 21 6 0 0 0 0 0  999777576899648876994888835679563524
8681 1 21 10 0 2 1 0 0  999676542899658867996888847359777534
9077 1 22 10 0 2 1 0 0  999676542899654867996888887359777534
