0 0 0 0 0 0 0 0 0  999887767698876889955767856499454332
26 1 0 0 4 1 0 0 0  999887757698874889944767836599663552
31 1 0 0 5 0 1 0 0  999887757298874889955767846399666534
287 1 0 7 5 2 1 0 0  999887774498847889975367856399666255
554 1 1 4 2 1 0 0 0  999888548897773789944776836599662565
556 1 1 4 2 2 0 0 0  999888458897775789935776856499662463
650 1 1 7 0 1 0 0 0  999888758897774689963674846799555632
900 1 2 3 0 0 0 0 0  999888758896684789973777635699562454
902 1 2 3 0 1 0 0 0  999888758896684789973777635699565442
926 1 2 3 4 1 0 0 0  999888748896586789973777446599663525
1286 1 3 2 4 1 0 0 0  999888747798744889973765866599663525
1310 1 3 3 2 1 0 0 0  999888577798774889947666832599566534
1312 1 3 3 2 2 0 0 0  999888577798773889957666834499266545
1418 1 3 6 2 1 0 0 0  999888547798773889944776836599662565
1420 1 3 6 2 2 0 0 0  999888457798775889935776856499662463
1470 1 3 7 5 0 0 0 0  999888657798764889973754855299763646
1858 1 4 7 3 2 0 0 0  999888547798753889987766636299744565
1866 1 4 7 5 0 0 0 0  999888657798764889987754655299763643
2087 1 5 2 5 2 1 0 0  999888577798754289987876543699653664
2242 1 5 7 1 2 0 0 0  999888547798753689987876636799652445
2263 1 5 7 5 0 1 0 0  999888657798764289987875653799563644
2267 1 5 7 5 2 1 0 0  999888657798765389987873654799464652
2466 1 6 2 3 0 0 0 0  999888757798784889973766636599545264
2520 1 6 4 0 0 0 0 0  999888757798784889973665452699576634
2522 1 6 4 0 1 0 0 0  999888757798783889973665554699476642
2540 1 6 4 3 1 0 0 0  999888747798783889973665625699576454
2542 1 6 4 3 2 0 0 0  999888757798785889975664654699476332
2648 1 6 7 3 1 0 0 0  999888547798783889973766626599744565
2650 1 6 7 3 2 0 0 0  999888457798785889975766656399744362
2658 1 6 7 5 0 0 0 0  999888657798784889973754655299763646
2714 1 6 9 2 1 0 0 0  999888547798683889944777736599662565
2716 1 6 9 2 2 0 0 0  999888457798685889935777756499662463
2952 1 7 5 0 0 0 0 0  999888858897774689963675457699563274
3038 1 7 7 2 1 0 0 0  999888858897774689973676445799655632
3169 1 8 0 0 0 1 0 0  999888772698776789987685535699546434
3171 1 8 0 0 1 1 0 0  999888772698776789987685435699556434
3172 1 8 0 0 2 0 0 0  999888772698776789987685434699546553
3173 1 8 0 0 2 1 0 0  999888772698776789987685436599543564
3275 1 8 2 5 2 1 0 0  999888577798754289987786543699653664
3430 1 8 7 1 2 0 0 0  999888547798753689987786636699752445
3451 1 8 7 5 0 1 0 0  999888657798764289987785653599763644
3455 1 8 7 5 2 1 0 0  999888657798765289987784653499763645
3671 1 9 2 5 2 1 0 0  999888577798754289987768546399666534
3826 1 9 7 1 2 0 0 0  999888547798753689987768636699752445
3847 1 9 7 5 0 1 0 0  999888657798764289987758655399764634
3851 1 9 7 5 2 1 0 0  999888657798765289987748654399764635
3972 1 10 0 2 0 0 0 0  999888847798666889973756535799672445
3978 1 10 0 3 0 0 0 0  999888847798666889973755635799672454
4046 1 10 2 2 1 0 0 0  999888847798744889973766636599576525
4125 1 10 4 3 1 1 0 0  999888847798733889974665652699576547
4127 1 10 4 3 2 1 0 0  999888847798733889974665642699576557
4232 1 10 7 3 1 0 0 0  999888847798753889973766626599744565
4234 1 10 7 3 2 0 0 0  999888857798745889975766656399744362
4242 1 10 7 5 0 0 0 0  999888857798764889973754655299763646
4764 1 12 0 2 0 0 0 0  999888848797666889973756535799672445
4770 1 12 0 3 0 0 0 0  999888848797666889973755635799672454
4838 1 12 2 2 1 0 0 0  999888848797744889973666737599566525
4911 1 12 4 2 1 1 0 0  999888848797733889974666745599266557
4913 1 12 4 2 2 1 0 0  999888848797733889974666742599566557
5014 1 12 7 1 2 0 0 0  999888868797735889935766654499276475
5020 1 12 7 2 2 0 0 0  999888858797745889935766656499276473
5024 1 12 7 3 1 0 0 0  999888848797753889944766632699576575
5026 1 12 7 3 2 0 0 0  999888858797735889935766654699476472
5034 1 12 7 5 0 0 0 0  999888858797763889963754655299474676
5062 1 12 8 3 2 0 0 0  999888858797775889935766656499447362
5551 1 14 0 1 0 1 0 0  999885887796664289976875547899356734
5627 1 14 2 1 2 1 0 0  999884887797666589972857556899633447
5652 1 14 3 0 0 0 0 0  999885887797766289976865654899435347
5731 1 14 5 1 0 1 0 0  999884887797666589977867535899653442
5735 1 14 5 1 2 1 0 0  999884887797666589977857556899633442
5977 1 15 1 0 0 1 0 0  999888777798766289976865654599484335
5981 1 15 1 0 2 1 0 0  999888777798766289976865643599583544
6043 1 15 2 5 0 1 0 0  999888757798755289974876543699683664
6422 1 16 2 2 1 0 0 0  999888757798744689974876635699655832
6443 1 16 2 5 2 1 0 0  999888767798746289976875463599536854
6490 1 16 4 1 2 0 0 0  999888767798735689976866354499275845
7135 1 18 0 1 0 1 0 0  999888887796664289976875547599356734
7236 1 18 3 0 0 0 0 0  999888887797766289976865654599435347
7535 1 19 0 1 2 1 0 0  999888857798666289975768453799673454
7537 1 19 0 2 0 1 0 0  999888867798666289976758545799374534
7547 1 19 0 3 2 1 0 0  999888857798666289975748654799674353
7555 1 19 0 5 0 1 0 0  999888867798556489976748462799576335
7610 1 19 2 2 1 0 0 0  999888857798744689974768636599673552
7993 1 20 2 0 0 1 0 0  999888887798766289976765654599474335
7997 1 20 2 0 2 1 0 0  999888887798766289976765643599573544
8173 1 20 7 0 0 1 0 0  999888887798766289976765654599744335
8729 1 22 0 2 2 1 0 0  999776662897754879974888883699653545
