0 0 0 0 0 0 0 0 0  999887768299787786996688796553544435
13 1 0 0 2 0 1 0 0  999887758299787786994688796655364534
14 1 0 0 2 1 0 0 0  999887758299787786994688796644563553
1390 1 3 5 3 2 0 0 0  999888548799787786993786596663752445
1589 1 4 0 0 2 1 0 0  999888778799676683998286497547536554
1601 1 4 0 2 2 1 0 0  999888778799674682998686597357654534
1775 1 4 5 1 2 1 0 0  999888568799774782998783596664756534
1786 1 4 5 3 2 0 0 0  999888548799773786998786596663752445
1794 1 4 5 5 0 0 0 0  999888658799774785998784695265763643
2011 1 5 0 5 0 1 0 0  999888778799674287997856595633684645
2246 1 5 7 2 1 0 0 0  999888758799774786993866696744583552
2250 1 5 7 3 0 0 0 0  999888758799774786993866695745583264
2426 1 6 1 2 1 0 0 0  999888548799773787993685897662644565
2428 1 6 1 2 2 0 0 0  999888458799775787995683897665644362
2576 1 6 5 3 1 0 0 0  999888548799775786993786896663752445
2578 1 6 5 3 2 0 0 0  999888458799775786995786896665744332
2642 1 6 7 2 1 0 0 0  999888758799774786993685896763644552
2952 1 7 5 0 0 0 0 0  999888848899777686993657595763672445
3368 1 8 5 3 1 0 0 0  999888548799775786993786596663782445
3370 1 8 5 3 2 0 0 0  999888458799775786995786396665782443
3428 1 8 7 1 1 0 0 0  999888758799774786993686696744583552
3622 1 9 1 3 2 0 0 0  999888547799873687998686597763652445
3630 1 9 1 5 0 0 0 0  999888657799873587998584697765464632
3646 1 9 2 1 2 0 0 0  999888547799873687998786696653752445
3664 1 9 2 4 2 0 0 0  999888547799873287998786596666753445
3666 1 9 2 5 0 0 0 0  999888657799874287998785694565764633
3668 1 9 2 5 1 0 0 0  999888657799873487998784695565763642
3671 1 9 2 5 2 1 0 0  999888657799875287998784693465763645
3738 1 9 4 5 0 0 0 0  999888657799874587998584697265763643
3797 1 9 6 2 2 1 0 0  999888547799877286998787596664356534
3803 1 9 6 3 2 1 0 0  999888547799877286998787596664353564
3809 1 9 6 4 2 1 0 0  999888547799877286998787596666354534
3815 1 9 6 5 2 1 0 0  999888547799877286998787596354666534
3881 1 9 8 4 2 1 0 0  999888547799877287998786596666354534
3887 1 9 8 5 2 1 0 0  999888547799877287998786593654653664
3905 1 9 9 2 2 1 0 0  999888542799857786998787796664356534
3911 1 9 9 3 2 1 0 0  999888542799857786998787796664353564
3917 1 9 9 4 2 1 0 0  999888542799857786998787796666354534
3923 1 9 9 5 2 1 0 0  999888542799857786998787796354666534
3924 1 9 10 0 0 0 0 0  999888756699874286998685794575674733
3926 1 9 10 0 1 0 0 0  999888756699873486998684795575673742
3929 1 9 10 0 2 1 0 0  999888756699875286998684793475673745
3931 1 9 10 1 0 1 0 0  999888746699876286998585796375574734
3937 1 9 10 2 0 1 0 0  999888746699876285998686795574373754
3939 1 9 10 2 1 1 0 0  999888746699876285998686795575374734
3941 1 9 10 2 2 1 0 0  999888746699876285998686795374575734
3943 1 9 10 3 0 1 0 0  999888746699876286998685795574375734
3945 1 9 10 3 1 1 0 0  999888746699876286998685795575374734
3947 1 9 10 3 2 1 0 0  999888746699876286998685793574573754
3949 1 9 10 4 0 1 0 0  999888742699876685998686795574373754
3951 1 9 10 4 1 1 0 0  999888742699876685998686795575374734
3953 1 9 10 4 2 1 0 0  999888742699876685998686795374575734
3955 1 9 10 5 0 1 0 0  999888765599876485998484795376376762
3957 1 9 10 5 1 1 0 0  999888765499876585998484795376376762
3959 1 9 10 5 2 1 0 0  999888762599876584998585794376476736
4160 1 10 5 3 1 0 0 0  999888858799774786993786596663752445
4162 1 10 5 3 2 0 0 0  999888858799775786995786496665744332
4220 1 10 7 1 1 0 0 0  999888858799774786993686696744573552
4944 1 12 5 2 0 0 0 0  999888858799773886993775496662446575
4946 1 12 5 2 1 0 0 0  999888858799773886993774596662446575
4948 1 12 5 2 2 0 0 0  999888858799775886995774496665436372
5016 1 12 7 2 0 0 0 0  999888858799773886993766696545744527
5022 1 12 7 3 0 0 0 0  999888858799773886993766695645752447
5028 1 12 7 4 0 0 0 0  999888848799773886993754596666725547
5414 1 13 7 2 1 0 0 0  999888858799774786993866696744573552
5418 1 13 7 3 0 0 0 0  999888858799774786993866695745573264
5952 1 15 0 2 0 0 0 0  999888776799676287997856595634488543
5953 1 15 0 2 0 1 0 0  999888776799676287997856595633488445
6038 1 15 2 4 1 0 0 0  999888547799753687995826797644688635
6040 1 15 2 4 2 0 0 0  999888457799735687995826797635688644
6151 1 15 5 5 0 1 0 0  999888547799734287997856795654688663
6304 1 15 10 0 2 0 0 0  999888666599762584994857594736788773
6305 1 15 10 0 2 1 0 0  999888666599764582994857593736788774
6494 1 16 4 2 1 0 0 0  999888547799875687993866597644783625
6496 1 16 4 2 2 0 0 0  999888457799875687995866397635784624
6502 1 16 4 3 2 0 0 0  999888547799873687996866597653782445
6624 1 16 8 0 0 0 0 0  999888667799877287996867695534485543
6625 1 16 8 0 0 1 0 0  999888667799877287996867695453583445
6830 1 17 2 4 1 0 0 0  999888847799753687993856797644658625
6832 1 17 2 4 2 0 0 0  999888857799745687995846797635648623
6952 1 17 6 0 2 0 0 0  999888857799775487997866496246338655
7622 1 19 2 4 1 0 0 0  999888847799873587993786596666752445
7807 1 19 7 5 0 1 0 0  999888867799876287996785495546356734
7811 1 19 7 5 2 1 0 0  999888867799876287996785493546536754
7915 1 19 10 5 0 1 0 0  999888865599876285996584793476376747
7917 1 19 10 5 1 1 0 0  999888865299876585996584793476376747
7937 1 20 0 2 2 1 0 0  999888887799666287994786593674753545
7949 1 20 0 4 2 1 0 0  999888887799656287994786593674753645
7992 1 20 2 0 0 0 0 0  999888887799766287996786695534475543
7993 1 20 2 0 0 1 0 0  999888887799766287996786695453573445
8129 1 20 5 4 2 1 0 0  999888887799754287997786596666354534
8135 1 20 5 5 2 1 0 0  999888887799754287997786593654653664
8172 1 20 7 0 0 0 0 0  999888887799766287996786695534454753
8173 1 20 7 0 0 1 0 0  999888887799766287996786694553544735
8681 1 21 10 0 2 1 0 0  999766542899658876996888897777354534
8897 1 22 5 0 2 1 0 0  999877766699754287996876598888354534
8999 1 22 7 5 2 1 0 0  999877762599746587996855798888346364
9007 1 22 8 1 0 1 0 0  999877776699762587996853498888546534
