0 0 0 0 0 0 0 0 0  999887767698876889955767856494452339
26 1 0 0 4 1 0 0 0  999887757698874889944767836593662559
34 1 0 0 5 2 0 0 0  999887757298875889945767856493666439
35 1 0 0 5 2 1 0 0  999887757398875889925767836495666449
215 1 0 5 5 2 1 0 0  999887773498875889935467846795666259
287 1 0 7 5 2 1 0 0  999887774498847889975367856395666259
413 1 1 0 2 2 1 0 0  999888778897574789927666843593566549
419 1 1 0 3 2 1 0 0  999888778897574789927666843596563549
425 1 1 0 4 2 1 0 0  999888778897574789927666863594563549
431 1 1 0 5 2 1 0 0  999888778897574789927365846593666549
437 1 1 1 0 2 1 0 0  999888668897776789927375846593564549
473 1 1 2 0 2 1 0 0  999888668897776789924375846793564559
509 1 1 3 0 2 1 0 0  999888668897777789926375846593564549
617 1 1 6 0 2 1 0 0  999888668897777689964275847596533549
815 1 2 0 3 2 1 0 0  999888778897587789974666243596563549
1013 1 2 6 0 2 1 0 0  999888668893586789977777246594563549
1085 1 2 8 0 2 1 0 0  999888668893586789974777246597563549
1121 1 2 9 0 2 1 0 0  999888668893586789927777746594563549
1157 1 2 10 0 2 1 0 0  999888668893586789924777776594563549
1223 1 3 0 5 2 1 0 0  999888777298574889933765876594666549
1296 1 3 3 0 0 0 0 0  999888377798774889937665854695564269
1298 1 3 3 0 1 0 0 0  999888377798774889937664845692565569
1345 1 3 4 2 0 1 0 0  999888757798733889974666845295574669
1348 1 3 4 2 2 0 0 0  999888757798725889975666853494473669
1373 1 3 5 0 2 1 0 0  999888667798726889977765843594563549
1481 1 3 8 0 2 1 0 0  999888667798776889927765843594563549
1517 1 3 9 0 2 1 0 0  999888667798777889926765843594563549
1981 1 5 0 0 0 1 0 0  999888772698776789987864553496653459
2242 1 5 7 1 2 0 0 0  999888457798725689987876656795644339
2263 1 5 7 5 0 1 0 0  999888657798764289987875653794563649
2462 1 6 2 2 1 0 0 0  999888757798784889973766636494526559
2464 1 6 2 2 2 0 0 0  999888757798785889975766656494426339
2468 1 6 2 3 1 0 0 0  999888757798783889973766626494555469
2521 1 6 4 0 0 1 0 0  999888757798784889974665253693576649
2642 1 6 7 2 1 0 0 0  999888447798784889973766636592756559
2816 1 7 1 1 1 0 0 0  999888848897773789957676636494526559
2818 1 7 1 1 2 0 0 0  999888858897775789927676656495446339
2828 1 7 1 3 1 0 0 0  999888838897773789957676626494555469
2852 1 7 2 1 1 0 0 0  999888858897773789944676636792546559
2864 1 7 2 3 1 0 0 0  999888858897773789944676636792555469
2952 1 7 5 0 0 0 0 0  999888858897774689963675257693464579
2954 1 7 5 0 1 0 0 0  999888858897773689963675557692464479
2978 1 7 5 4 1 0 0 0  999888838897773689956676627494555479
3110 1 7 9 2 1 0 0 0  999888848896663789957777736494526559
3112 1 7 9 2 2 0 0 0  999888858896665789927777756495446339
3116 1 7 9 3 1 0 0 0  999888838896663789957777726494555469
3168 1 8 0 0 0 0 0 0  999888772698776789987685544694356359
3169 1 8 0 0 0 1 0 0  999888772698776789987684553695356449
3171 1 8 0 0 1 1 0 0  999888772698776789987685553693456449
3173 1 8 0 0 2 1 0 0  999888772698776789987685346594534569
3276 1 8 3 0 0 0 0 0  999888577798775289987686556493446639
3277 1 8 3 0 0 1 0 0  999888377798775489987686446595536629
3317 1 8 4 0 2 1 0 0  999888477798766689987385632597546459
3430 1 8 7 1 2 0 0 0  999888457798725689987786656695744339
3451 1 8 7 5 0 1 0 0  999888657798764289987785653594763649
3566 1 9 0 0 1 0 0 0  999888772698776789987658555694436349
3567 1 9 0 0 1 1 0 0  999888772698776789987658554693446539
3672 1 9 3 0 0 0 0 0  999888577798775289987668554693463469
3673 1 9 3 0 0 1 0 0  999888377798775489987668445695562369
3709 1 9 4 0 0 1 0 0  999888277798766689987548655397446359
3744 1 9 5 0 0 0 0 0  999888667298776789987658655794434359
3745 1 9 5 0 0 1 0 0  999888667298776789987658654795544339
3826 1 9 7 1 2 0 0 0  999888457798725689987768656695744339
3960 1 10 0 0 0 0 0 0  999888857798664889973745656793674529
3962 1 10 0 0 1 0 0 0  999888857798664889973755656793672449
3972 1 10 0 2 0 0 0 0  999888847798666889973756534794675529
3978 1 10 0 3 0 0 0 0  999888847798666889973755634794675529
4226 1 10 7 2 1 0 0 0  999888847798744889973766636592756559
4262 1 10 8 2 1 0 0 0  999888847798773889957766636494526559
4264 1 10 8 2 2 0 0 0  999888857798775889927766656495446339
4268 1 10 8 3 1 0 0 0  999888837798773889957766626494555469
4541 1 11 5 0 2 1 0 0  999888888797766789926765643594573549
4630 1 11 7 3 2 0 0 0  999888888797735789935666257496464759
4829 1 12 2 0 2 1 0 0  999888868797766889924765643597573549
4901 1 12 4 0 2 1 0 0  999888878797766889937264675496555349
4915 1 12 4 3 0 1 0 0  999888878797755889957666372496465349
4937 1 12 5 0 2 1 0 0  999888868797766889924765743593567549
5160 1 13 0 2 0 0 0 0  999888858797666789973856457793652449
5234 1 13 2 2 1 0 0 0  999888858797744789973866637692555469
5240 1 13 2 3 1 0 0 0  999888858797744789973866637692546559
5270 1 13 3 2 1 0 0 0  999888848797773789957866636494526559
5272 1 13 3 2 2 0 0 0  999888858797775789927866656495446339
5276 1 13 3 3 1 0 0 0  999888838797773789957866626494555469
5430 1 13 7 5 0 0 0 0  999888868797736789936855267496454759
5450 1 13 8 2 1 0 0 0  999888858797773789944866637692555469
5456 1 13 8 3 1 0 0 0  999888858797773789944866637692546559
5549 1 14 0 0 2 1 0 0  999888857796625489975874647698365739
5737 1 14 5 2 0 1 0 0  999888847797666289977857545698633549
5742 1 14 5 3 0 0 0 0  999888857797666289977857655698344439
5963 1 15 0 3 2 1 0 0  999888776698776789967865243594583549
5981 1 15 1 0 2 1 0 0  999888777798766289976865643594583549
6047 1 15 2 5 2 1 0 0  999888757798725489975876443695683669
6089 1 15 4 0 2 1 0 0  999888377798766689967855552497486349
6109 1 15 4 4 0 1 0 0  999888577798755689967866362497485349
6115 1 15 4 5 0 1 0 0  999888577798755689937866662497485349
6125 1 15 5 0 2 1 0 0  999888667798726689977875643594583549
6161 1 15 6 0 2 1 0 0  999888667798776689964875273594583549
6181 1 15 6 4 0 1 0 0  999888557798775689954876273694683649
6208 1 15 7 2 2 0 0 0  999888357798735689975876644795684269
6223 1 15 7 5 0 1 0 0  999888567798736289976875564796484359
6233 1 15 8 0 2 1 0 0  999888667798776689967875243594583549
6269 1 15 9 0 2 1 0 0  999888667798777689964875243596583549
6372 1 16 1 0 0 0 0 0  999888777798766289976865654594345839
6422 1 16 2 2 1 0 0 0  999888757798744689974876635693655829
6460 1 16 3 2 2 0 0 0  999888377798775689937866256495464859
6547 1 16 5 5 0 1 0 0  999888467798746289977875465596356839
6619 1 16 7 5 0 1 0 0  999888567798736289976875564796434859
6638 1 16 8 2 1 0 0 0  999888447798774689957876635693655829
6950 1 17 6 0 1 0 0 0  999888857798773689963876475692565449
6998 1 17 7 2 1 0 0 0  999888847798744689973876635792655569
7133 1 18 0 0 2 1 0 0  999888887796625489975874647695365739
7159 1 18 0 5 0 1 0 0  999888887795654389974876537694625769
7321 1 18 5 2 0 1 0 0  999888887797666289977857545694633549
7326 1 18 5 3 0 0 0 0  999888887797666289977857655694434359
7327 1 18 5 3 0 1 0 0  999888887797666289977857654695544339
7535 1 19 0 1 2 1 0 0  999888857798666489975768442795675339
7610 1 19 2 2 1 0 0 0  999888857798744689974768636593672559
7790 1 19 7 2 1 0 0 0  999888847798744689973768636592756559
7997 1 20 2 0 2 1 0 0  999888887798766289976765643594573549
8064 1 20 4 0 0 0 0 0  999888887798766689967554342597457369
8173 1 20 7 0 0 1 0 0  999888887798766289976765654395744539
8393 1 21 2 0 2 1 0 0  999777668898888789926765643594573549
8465 1 21 4 0 2 1 0 0  999777668898888789926765743594563549
8519 1 21 5 3 2 1 0 0  999777648898888689966765243597573549
8713 1 22 0 0 0 1 0 0  999776653897764879973888886694525549
8716 1 22 0 0 2 0 0 0  999776652897765879975888886695344439
8729 1 22 0 2 2 1 0 0  999776663897735879975888884695644259
8753 1 22 1 0 2 1 0 0  999777667893576879924888886594563549
