0 0 0 0 0 0 0 0 0  999988778479987768699868746554533625
1 1 0 0 0 0 1 0 0  999988778279987768699868746554533645
64 1 0 1 4 2 0 0 0  999988548779987768799868536663752445
107 1 0 2 5 2 1 0 0  999988658779987738799848657365464652
281 1 0 7 4 2 1 0 0  999988578779987768399828547666654534
287 1 0 7 5 2 1 0 0  999988578779987728699838547654653664
296 1 0 8 1 1 0 0 0  999988658779984768799878736644563552
469 1 1 2 0 0 1 0 0  999988848879977278799866746556533645
799 1 2 0 1 0 1 0 0  999988858889977728499666737467455536
803 1 2 0 1 2 1 0 0  999988848889977728599666747567533546
846 1 2 1 3 0 0 0 0  999988858889974778799676636545573264
1189 1 3 0 0 0 1 0 0  999988858789974728799668557674363564
1208 1 3 0 3 1 0 0 0  999988858789974768799668637573644552
1484 1 3 8 1 1 0 0 0  999988858789974768799778636644563552
1844 1 4 7 1 1 0 0 0  999988858779974788699668637644555732
1848 1 4 7 2 0 0 0 0  999988858779974788599668637646525734
2000 1 5 0 3 1 0 0 0  999988858779954768799686637853672445
2002 1 5 0 3 2 0 0 0  999988858779945768799686657835672443
2010 1 5 0 5 0 0 0 0  999988848779963758799585637862474656
2030 1 5 1 2 1 0 0 0  999988858779974768799686636853752445
2032 1 5 1 2 2 0 0 0  999988858779975768799686656845744332
2072 1 5 2 3 1 0 0 0  999988858779974768799686637853652445
2074 1 5 2 3 2 0 0 0  999988858779975768799686657845644332
2082 1 5 2 5 0 0 0 0  999988848779973758799585637862464656
2126 1 5 4 0 1 0 0 0  999988858779974668799587636855744632
2138 1 5 4 2 1 0 0 0  999988848779973658799687636856752445
2140 1 5 4 2 2 0 0 0  999988858779975648799687656846745332
2162 1 5 5 0 1 0 0 0  999988858779974768699687637853652445
2164 1 5 5 0 2 0 0 0  999988858779975768699687657845644332
2172 1 5 5 2 0 0 0 0  999988848779973758599687667853464652
2190 1 5 5 5 0 0 0 0  999988848779973758599587637862464656
2244 1 5 7 2 0 0 0 0  999988858779974768599686637846525734
2412 1 6 1 0 0 0 0 0  999988858779974768799868636455753642
2414 1 6 1 0 1 0 0 0  999988858779974768799868636555744632
2426 1 6 1 2 1 0 0 0  999988848779973758799868665563745624
2438 1 6 1 4 1 0 0 0  999988858779974768799868536663752445
2440 1 6 1 4 2 0 0 0  999988858779975768799868456665744332
2503 1 6 3 3 0 1 0 0  999988848779977728799868666554533645
2520 1 6 4 0 0 0 0 0  999988858779974668599878636545727634
2663 1 6 7 5 2 1 0 0  999988868779976728599838467546536754
2773 1 7 0 0 0 1 0 0  999988888879974378799676736554526645
3097 1 7 9 0 0 1 0 0  999988888869964728799775776554356634
3188 1 8 0 3 1 0 0 0  999988858779954768799668637853672445
3190 1 8 0 3 2 0 0 0  999988858779945768799668657835672443
3198 1 8 0 5 0 0 0 0  999988848779963758799558637862475646
3260 1 8 2 3 1 0 0 0  999988858779974768799668637853652445
3262 1 8 2 3 2 0 0 0  999988858779975768799668657845644332
3270 1 8 2 5 0 0 0 0  999988848779973758799558637862465646
3422 1 8 7 0 1 0 0 0  999988858779974768699658637844655732
3428 1 8 7 1 1 0 0 0  999988858779974768699668637844555732
3432 1 8 7 2 0 0 0 0  999988858779974768599668637846525734
3572 1 9 0 1 1 0 0 0  999988857769984688799768636573744552
3595 1 9 0 5 0 1 0 0  999988867729986388799758365576746454
3601 1 9 1 0 0 1 0 0  999988857779984288799668553653776644
3605 1 9 1 0 2 1 0 0  999988857779985388799668354644776652
3608 1 9 1 1 1 0 0 0  999988857779984688799668445655773632
3624 1 9 1 4 0 0 0 0  999988857779984688799668634655774532
3626 1 9 1 4 1 0 0 0  999988857779984688799668635655773442
3641 1 9 2 0 2 1 0 0  999988857779985288799678656444633756
3642 1 9 2 1 0 0 0 0  999988857779984688799678636455653742
3644 1 9 2 1 1 0 0 0  999988857779984688799678636555644732
3650 1 9 2 2 1 0 0 0  999988857779984688799678636644555732
3667 1 9 2 5 0 1 0 0  999988857779984288799678556666354734
3672 1 9 3 0 0 0 0 0  999988857779987288799668553654763464
3673 1 9 3 0 0 1 0 0  999988857779987288799668554644763563
3709 1 9 4 0 0 1 0 0  999988857779984288799668553654763764
3722 1 9 4 2 1 0 0 0  999988857779984688799668445663755732
3728 1 9 4 3 1 0 0 0  999988857779984688799668445655763732
3824 1 9 7 1 1 0 0 0  999988857779984688799678636573644552
3836 1 9 7 3 1 0 0 0  999988857779984688799678636474555632
3853 1 9 8 0 0 1 0 0  999988847779987388799678636554526645
4230 1 10 7 3 0 0 0 0  999988888779974768599668637553644725
4357 1 11 0 0 0 1 0 0  999987748889988378799676736554526645
5418 1 13 7 3 0 0 0 0  999988888779974768599686637553644725
5616 1 14 2 0 0 0 0 0  999988887779966268799585768465734543
5617 1 14 2 0 0 1 0 0  999988887779966568799582768564734543
5761 1 14 6 0 0 1 0 0  999988887729977378799686538465655446
5826 1 14 7 5 0 0 0 0  999988887779955448799286748657635663
5827 1 14 7 5 0 1 0 0  999988887779955428799486748657635663
5957 1 15 0 2 2 1 0 0  999988857769966378399487657844265785
5975 1 15 0 5 2 1 0 0  999988857749965378399487657864265786
6157 1 15 6 0 0 1 0 0  999988847759977578799686546854336682
6161 1 15 6 0 2 1 0 0  999988857739977278799686453865645486
6344 1 16 0 1 1 0 0 0  999988857759984678699687637855644732
6348 1 16 0 2 0 0 0 0  999988857769984678599687637846525734
6356 1 16 0 3 1 0 0 0  999988857769984678699687637844555732
6380 1 16 1 1 1 0 0 0  999988857779984668799586636855773442
6410 1 16 2 0 1 0 0 0  999988857779984668799586736855744632
6488 1 16 4 1 1 0 0 0  999988857779984668799586636855744732
6516 1 16 5 0 0 0 0 0  999988857729987478799686746855356634
6517 1 16 5 0 0 1 0 0  999988847739987278799686746853556654
6519 1 16 5 0 1 1 0 0  999988847759987278799686746855356634
6520 1 16 5 0 2 0 0 0  999988857749987278799686756845336654
6521 1 16 5 0 2 1 0 0  999988857749987278799686756844336655
6523 1 16 5 1 0 1 0 0  999988857729987678799686746855364534
6661 1 16 9 0 0 1 0 0  999988856769987728699787746855354634
6667 1 16 9 1 0 1 0 0  999988856729987768699787746855364534
6679 1 16 9 3 0 1 0 0  999988856729987768699787746855354634
6697 1 16 10 0 0 1 0 0  999988856769984728699787776855354634
6749 1 17 0 2 2 1 0 0  999988887769966378499387657825465745
6949 1 17 6 0 0 1 0 0  999988887749977378799686536844556652
6953 1 17 6 0 2 1 0 0  999988887739977278799686453865645456
7603 1 19 2 1 0 1 0 0  999988887779984668799278666554533745
7609 1 19 2 2 0 1 0 0  999988887779985628799678646655354734
7621 1 19 2 4 0 1 0 0  999988887779984628799678666554533745
7627 1 19 2 5 0 1 0 0  999988887779985268799678556664354734
7704 1 19 5 0 0 0 0 0  999988887739987478799678646553526645
7705 1 19 5 0 0 1 0 0  999988887749987378799678636544556625
7795 1 19 7 3 0 1 0 0  999988887779984668799278665574365534
7849 1 19 9 0 0 1 0 0  999988886769987728699778746554533645
7867 1 19 9 3 0 1 0 0  999988886729987768699778746554533645
7885 1 19 10 0 0 1 0 0  999988886769984728699778776554533645
8005 1 20 2 2 0 1 0 0  999977748889988628799778665564365534
8191 1 20 7 3 0 1 0 0  999977748889988668799278665574365534
8522 1 21 5 4 1 0 0 0  999977734869968867499888837656555472
8569 1 21 7 0 0 1 0 0  999977756869978827699888846755354634
8575 1 21 7 1 0 1 0 0  999977756829978867699888846755364534
8587 1 21 7 3 0 1 0 0  999977756829978867699888846755354634
8656 1 21 9 2 2 0 0 0  999966634879978876499888837757456525
8660 1 21 9 3 1 0 0 0  999966634879978876499888837757555462
8965 1 22 7 0 0 1 0 0  999977756869974827699888886755354634
