0 0 0 0 0 0 0 0 0  999988776789876878647525865644999533
69 1 0 1 5 1 1 0 0  999988647789874878363555842765999676
84 1 0 2 2 0 0 0 0  999988647789873878666575835762999454
252 1 0 7 0 0 0 0 0  999988747789873878663576864564999525
254 1 0 7 0 1 0 0 0  999988747789873878663576865562999454
596 1 1 5 3 1 0 0 0  999988858879774678663867537652999445
598 1 1 5 3 2 0 0 0  999988858879775678665867457644999332
606 1 1 5 5 0 0 0 0  999988848879773578563857627464999656
662 1 1 7 2 1 0 0 0  999988848879773678663867565552999447
794 1 2 0 0 1 0 0 0  999988858889774678763674746555999632
812 1 2 0 3 1 0 0 0  999988848889773678766674745553999652
919 1 2 3 3 0 1 0 0  999988878889666778774526575364999534
977 1 2 5 0 2 1 0 0  999988858889777668735427656474999653
979 1 2 5 1 0 1 0 0  999988868889777668764527565374999534
990 1 2 5 3 0 0 0 0  999988848889777668763567535672999445
1010 1 2 6 0 1 0 0 0  999988848889663778773676575552999446
1189 1 3 0 0 0 1 0 0  999988857769864878363827557654999764
1193 1 3 0 0 2 1 0 0  999988857769865878265847447635999763
1207 1 3 0 3 0 1 0 0  999988857769866878364827557654999734
1584 1 4 0 0 0 0 0 0  999988857769864888763746547655999732
1586 1 4 0 0 1 0 0 0  999988857769864888763756557644999732
1642 1 4 1 3 2 0 0 0  999988857779845888725666443365999767
1706 1 4 3 2 1 0 0 0  999988847779873888753666442566999575
1708 1 4 3 2 2 0 0 0  999988857779875888735666354466999472
1714 1 4 3 3 2 0 0 0  999988857779875888745666354246999673
1720 1 4 3 4 2 0 0 0  999988857779875888735666654436999472
1742 1 4 4 2 1 0 0 0  999988857779854888752666443366999775
1744 1 4 4 2 2 0 0 0  999988857779845888725666443366999775
1747 1 4 4 3 0 1 0 0  999988857779864888755662643653999774
1756 1 4 4 4 2 0 0 0  999988857779845888735666654246999773
1982 1 5 0 0 1 0 0 0  999988857769864588763786557644999732
2377 1 6 0 0 0 1 0 0  999988867789866878664527547533999745
2412 1 6 1 0 0 0 0 0  999988857789874878663566455763999274
2441 1 6 1 4 2 1 0 0  999988847789874878353666642756999575
2448 1 6 2 0 0 0 0 0  999988847789873878663576565762999445
2460 1 6 2 2 0 0 0 0  999988847789873878666575635762999454
2466 1 6 2 3 0 0 0 0  999988847789873878666576535762999445
2520 1 6 4 0 0 0 0 0  999988857789874878663466557764999532
2522 1 6 4 0 1 0 0 0  999988857789874878663566557763999442
2630 1 6 7 0 1 0 0 0  999988847789873878663576565465999742
2899 1 7 3 3 0 1 0 0  999988888879777778666526545364999534
3175 1 8 0 1 0 1 0 0  999988857769866688764728557354999734
3185 1 8 0 2 2 1 0 0  999988857769866388765738657444999752
3277 1 8 3 0 0 1 0 0  999988857779874688764628556353999674
3362 1 8 5 2 1 0 0 0  999988857779854688773678636652999445
3364 1 8 5 2 2 0 0 0  999988857779845688775678656644999332
3385 1 8 6 0 0 1 0 0  999988857779874688767628556354999634
3458 1 8 8 0 1 0 0 0  999988857779874688763678446555999632
3493 1 8 9 0 0 1 0 0  999988857779877688764628556354999634
3570 1 9 0 1 0 0 0 0  999988847769866588753756837644999725
3598 1 9 0 5 2 0 0 0  999988867739856488756724867356999745
3656 1 9 2 3 1 0 0 0  999988847779863688766674845553999752
3734 1 9 4 4 1 0 0 0  999988847779844688763666835552999775
3749 1 9 5 0 2 1 0 0  999988867779866288774675843563999554
3758 1 9 5 2 1 0 0 0  999988857779844688774676836563999552
3788 1 9 6 1 1 0 0 0  999988847779873688767664845553999652
3854 1 9 8 0 1 0 0 0  999988857779874688763674846555999632
3872 1 9 8 3 1 0 0 0  999988847779873688766674845553999652
4358 1 11 0 0 1 0 0 0  999987758889884678763674746555999632
4376 1 11 0 3 1 0 0 0  999987748889883678766674745553999652
4478 1 11 3 2 1 0 0 0  999985478889884778773666275566999534
4480 1 11 3 2 2 0 0 0  999984578889883778773666574466999525
4482 1 11 3 3 0 0 0 0  999986578889884778773666475563999524
4541 1 11 5 0 2 1 0 0  999987778889885668735427656474999653
4543 1 11 5 1 0 1 0 0  999987778889886668764527565374999534
4554 1 11 5 3 0 0 0 0  999987778889884668763567535672999445
4574 1 11 6 0 1 0 0 0  999986648889883778773676575552999446
4842 1 12 2 3 0 0 0 0  999988888779765878666526755344999437
4931 1 12 4 5 2 1 0 0  999988888779724868574635736664999557
5957 1 15 0 2 2 1 0 0  999988857769866378365487657844999752
6336 1 16 0 0 0 0 0 0  999988847769863578563687567484999752
6342 1 16 0 1 0 0 0 0  999988847769866678553687447583999725
6354 1 16 0 3 0 0 0 0  999988847769866578563687537484999752
6360 1 16 0 4 0 0 0 0  999988847759853678666687447583999725
6462 1 16 3 3 0 0 0 0  999988857779874668763586456583999274
6552 1 16 6 0 0 0 0 0  999988847779873668757586536485999642
7380 1 18 7 0 0 0 0 0  999977748889883668758576536475999642
7531 1 19 0 1 0 1 0 0  999988887769866678554627847533999745
7547 1 19 0 3 2 1 0 0  999988887769866378465637857425999745
7549 1 19 0 4 0 1 0 0  999988887759854678666627847533999745
7571 1 19 1 1 2 1 0 0  999988887779824668764536835554999767
7958 1 20 1 0 1 0 0 0  999977748889883778663676585552999446
