0 0 0 0 0 0 0 0 0  999988776789876878967553864564495329
44 1 0 1 1 1 0 0 0  999988657789874878944666837563792559
94 1 0 2 3 2 0 0 0  999988457789875878925676866744395639
102 1 0 2 5 0 0 0 0  999988367789876878936575865726494459
113 1 0 3 0 2 1 0 0  999988667789877878926635847564593549
152 1 0 4 1 1 0 0 0  999988657789874878944666837763592559
185 1 0 5 0 2 1 0 0  999988667789876878927675843564593549
293 1 0 8 0 2 1 0 0  999988667789877878926675843564593549
480 1 1 2 2 0 0 0 0  999988858879774678957867636455693249
499 1 1 2 5 0 1 0 0  999988868879776578957857362456496349
548 1 1 4 1 1 0 0 0  999988848879773778957866636526494559
550 1 1 4 1 2 0 0 0  999988858879775778927866656446495339
558 1 1 4 3 0 0 0 0  999988858879774778937866626535494569
560 1 1 4 3 1 0 0 0  999988838879773778957866626555494469
578 1 1 5 0 1 0 0 0  999988858879774678963867447563692559
715 1 1 8 5 0 1 0 0  999988868879777578956857362456496349
804 1 2 0 2 0 0 0 0  999988858889773648977767636455692549
806 1 2 0 2 1 0 0 0  999988848889773658977767636455692549
937 1 2 4 0 0 1 0 0  999988858889777768964737646525693549
972 1 2 5 0 0 0 0 0  999988848889777668973567534765694529
977 1 2 5 0 2 1 0 0  999988858889777668975467254764695339
1188 1 3 0 0 0 0 0 0  999988857769863878963875456744697529
1232 1 3 1 1 1 0 0 0  999988857779844868974866636555793729
1404 1 3 6 0 0 0 0 0  999988857779874868963877636455692549
1590 1 4 0 1 0 0 0 0  999988847769866888973756537652495749
1612 1 4 0 4 2 0 0 0  999988857749845888975766667624395739
1613 1 4 0 4 2 1 0 0  999988857749825888975766667644395739
1637 1 4 1 2 2 1 0 0  999988847779824888974566636555796739
1741 1 4 4 2 0 1 0 0  999988877779855888957666352466497349
1826 1 4 6 4 1 0 0 0  999988847779873888944677566663592559
1850 1 4 7 2 1 0 0 0  999988847779844888973676636756592559
1866 1 4 7 5 0 0 0 0  999988867779836888976575365726494459
1886 1 4 8 2 1 0 0 0  999988847779873888957676636526494559
1888 1 4 8 2 2 0 0 0  999988857779875888927676656446495339
1890 1 4 8 3 0 0 0 0  999988857779874888937676626535494569
1892 1 4 8 3 1 0 0 0  999988837779873888957676626555494469
1991 1 5 0 1 2 1 0 0  999988857769866488975786447625395739
2003 1 5 0 3 2 1 0 0  999988857769866288975784657633495749
2008 1 5 0 4 2 0 0 0  999988857749845688975786667624395739
2009 1 5 0 4 2 1 0 0  999988857749825688975786667644395739
2011 1 5 0 5 0 1 0 0  999988867749856288976785567446593739
2012 1 5 0 5 1 0 0 0  999988867749846588976785567426593739
2013 1 5 0 5 1 1 0 0  999988867749826588976785567446593739
2014 1 5 0 5 2 0 0 0  999988867739846488976785467536592759
2015 1 5 0 5 2 1 0 0  999988867759826488976784467555396739
2196 1 5 6 0 0 0 0 0  999988847779873688963687576552494659
2198 1 5 6 0 1 0 0 0  999988847779873688963687576555494629
2222 1 5 6 4 1 0 0 0  999988847779873688944687576663592559
2246 1 5 7 2 1 0 0 0  999988847779844688973687637656592559
2262 1 5 7 5 0 0 0 0  999988867779856288976587567546493439
2263 1 5 7 5 0 1 0 0  999988867779846588976587467546592339
2396 1 6 0 3 1 0 0 0  999988847789855878953676636744297569
2398 1 6 0 3 2 0 0 0  999988857789845878925676656744397369
2406 1 6 0 5 0 0 0 0  999988857789864878963574655763297649
2420 1 6 1 1 1 0 0 0  999988857789874878963666447563792559
2438 1 6 1 4 1 0 0 0  999988857789873878944666637546792559
2462 1 6 2 2 1 0 0 0  999988847789873878944676636756592559
2478 1 6 2 5 0 0 0 0  999988867789876878936575365726494459
2489 1 6 3 0 2 1 0 0  999988867789877878966635647524593549
2528 1 6 4 1 1 0 0 0  999988857789874878963666447763592559
2546 1 6 4 4 1 0 0 0  999988847789873878944666637756592559
2570 1 6 5 2 1 0 0 0  999988847789873878957676636526494559
2572 1 6 5 2 2 0 0 0  999988857789875878927676656446495339
2574 1 6 5 3 0 0 0 0  999988857789874878937676626535494569
2576 1 6 5 3 1 0 0 0  999988837789873878957676626555494469
2726 1 6 9 4 1 0 0 0  999988847789844868956777736663592559
2773 1 7 0 0 0 1 0 0  999988888879766378976677635452495549
3011 1 7 6 3 2 1 0 0  999988888879777678966765243564593549
3191 1 8 0 3 2 1 0 0  999988857769866288975748657633494759
3199 1 8 0 5 0 1 0 0  999988867749856288976758567446593739
3202 1 8 0 5 2 0 0 0  999988867759836488976748367555496729
3203 1 8 0 5 2 1 0 0  999988867759826488976748467555396739
3219 1 8 1 2 1 1 0 0  999988857779855688975668243664793749
3275 1 8 2 5 2 1 0 0  999988857779825488975678446666395739
3384 1 8 6 0 0 0 0 0  999988847779873688963678576552494659
3386 1 8 6 0 1 0 0 0  999988847779873688963678576555494629
3410 1 8 6 4 1 0 0 0  999988847779873688944678576663592559
3434 1 8 7 2 1 0 0 0  999988847779844688973678636756592559
3450 1 8 7 5 0 0 0 0  999988867779856288976578565746493439
3451 1 8 7 5 0 1 0 0  999988867779846588976578465746592339
3569 1 9 0 0 2 1 0 0  999988867769836288975746857635494759
3575 1 9 0 1 2 1 0 0  999988857769866288975746857633494759
3577 1 9 0 2 0 1 0 0  999988867769866488976745847525395739
3592 1 9 0 4 2 0 0 0  999988857749845688975766867624395739
3593 1 9 0 4 2 1 0 0  999988857749825688975766867644395739
3594 1 9 0 5 0 0 0 0  999988867759856488976745867526493739
3595 1 9 0 5 0 1 0 0  999988867759856488976744867526593739
3599 1 9 0 5 2 1 0 0  999988867759826488976744867555396739
3616 1 9 1 2 2 0 0 0  999988857779825688975664853664793749
3617 1 9 1 2 2 1 0 0  999988857779825688975664853466793749
3623 1 9 1 3 2 1 0 0  999988857779825688976663854644795739
3671 1 9 2 5 2 1 0 0  999988857779825488975674846666395739
3749 1 9 5 0 2 1 0 0  999988867779866288977675843564593549
3779 1 9 5 5 2 1 0 0  999988847779824388977675836666594559
3780 1 9 6 0 0 0 0 0  999988857779874688963677836544595629
3782 1 9 6 0 1 0 0 0  999988857779874688963677836555494629
3806 1 9 6 4 1 0 0 0  999988857779874688944677836663592559
3830 1 9 7 2 1 0 0 0  999988857779844688974676836763592559
3846 1 9 7 5 0 0 0 0  999988867779836288976575865736494459
3847 1 9 7 5 0 1 0 0  999988867779846288976575865746393459
3851 1 9 7 5 2 1 0 0  999988867779836288976574865755496349
3866 1 9 8 2 1 0 0 0  999988847779873688957676836562494559
3868 1 9 8 2 2 0 0 0  999988857779875688927676856465494339
4013 1 10 1 2 2 1 0 0  999988887779835868975666354464795729
4368 1 11 0 2 0 0 0 0  999987758889883648977767636455692549
4370 1 11 0 2 1 0 0 0  999987748889883658977767636455692549
4501 1 11 4 0 0 1 0 0  999987778889885768964737646525693549
4536 1 11 5 0 0 0 0 0  999987778889884668973567534765694529
4541 1 11 5 0 2 1 0 0  999987778889885668975467254764695339
4909 1 12 4 2 0 1 0 0  999988888779755868957666372465497349
4937 1 12 5 0 2 1 0 0  999988888779766878926675743564593549
5563 1 14 0 3 0 1 0 0  999988887769664578954687258373794569
5565 1 14 0 3 1 1 0 0  999988887769664578955687248373794569
5566 1 14 0 3 2 0 0 0  999988887769665378945687358475792469
5567 1 14 0 3 2 1 0 0  999988887769665278945687458373795469
5731 1 14 5 1 0 1 0 0  999988887779666368977587358652495449
5945 1 15 0 0 2 1 0 0  999988867769864578964587557826394739
5950 1 15 0 1 2 0 0 0  999988857769866678945687257844395739
5957 1 15 0 2 2 1 0 0  999988857769866278965487657844395739
5963 1 15 0 3 2 1 0 0  999988857769866478965687447825395739
5968 1 15 0 4 2 0 0 0  999988857769845678925687667844395739
5971 1 15 0 5 0 1 0 0  999988867759846578956587467846393729
5972 1 15 0 5 1 0 0 0  999988867749856578946587567846393729
5975 1 15 0 5 2 1 0 0  999988867759846278946587467855396739
6085 1 15 4 0 0 1 0 0  999988877779866268967584565833497549
6134 1 15 5 2 1 0 0 0  999988847779844628977687636856593559
6161 1 15 6 0 2 1 0 0  999988857779875668925487676844395639
6164 1 15 6 1 1 0 0 0  999988847779873668926587675853495649
6168 1 15 6 2 0 0 0 0  999988857779874668962387576836494559
6170 1 15 6 2 1 0 0 0  999988847779873668963287576856494559
6226 1 15 7 5 2 0 0 0  999988867779846458976587467855396329
6227 1 15 7 5 2 1 0 0  999988867779826358976587367855496449
6233 1 15 8 0 2 1 0 0  999988857779875668927487656844395639
6269 1 15 9 0 2 1 0 0  999988857779877668925487656844395639
6305 1 15 10 0 2 1 0 0  999988856769825748965787776844395639
6352 1 16 0 2 2 0 0 0  999988857769866378935687257684495749
6353 1 16 0 2 2 1 0 0  999988857769866478925687447685395739
6370 1 16 0 5 2 0 0 0  999988867759846478946587267585396739
6371 1 16 0 5 2 1 0 0  999988867759846278946587467585396739
6395 1 16 1 3 2 1 0 0  999988857779835668976486356484795729
6469 1 16 3 4 0 1 0 0  999988877779874658967686265384594539
6527 1 16 5 1 2 1 0 0  999988847779824668977387666583594559
6532 1 16 5 2 2 0 0 0  999988857779845628977687656685493439
6533 1 16 5 2 2 1 0 0  999988857779825638977687656683495449
6545 1 16 5 4 2 1 0 0  999988847779824638977687666583594559
6553 1 16 6 0 0 1 0 0  999988857779874668933287676585594649
6557 1 16 6 0 2 1 0 0  999988857779875668925487676484395639
6575 1 16 6 3 2 1 0 0  999988847779874668926387676583594559
6610 1 16 7 3 2 0 0 0  999988857779845668976287657685493439
6611 1 16 7 3 2 1 0 0  999988857779825668976387657683495449
6616 1 16 7 4 2 0 0 0  999988857779845628975687667685493439
6617 1 16 7 4 2 1 0 0  999988857779825638975687667683495449
6618 1 16 7 5 0 0 0 0  999988867779846558976287567586493439
6619 1 16 7 5 0 1 0 0  999988867779856558976287567486493439
6620 1 16 7 5 1 0 0 0  999988867779846528976587567586493439
6621 1 16 7 5 1 1 0 0  999988867779856528976587567486493439
6622 1 16 7 5 2 0 0 0  999988867779846438976387467586592559
6623 1 16 7 5 2 1 0 0  999988867779826358976587367585496449
6626 1 16 8 0 1 0 0 0  999988857779874668927587636585494639
6629 1 16 8 0 2 1 0 0  999988857779875668927487656484395639
6665 1 16 9 0 2 1 0 0  999988857779877668925487656484395639
6701 1 16 10 0 2 1 0 0  999988856769825748965787776484395639
7142 1 18 0 2 1 0 0 0  999977448889884768958676636773592559
7159 1 18 0 5 0 1 0 0  999977568889886758958574362776496349
7178 1 18 1 2 1 0 0 0  999977748889883778958676636526494559
7180 1 18 1 2 2 0 0 0  999977758889885778928676656446495339
7182 1 18 1 3 0 0 0 0  999977758889884778938676626535494569
7184 1 18 1 3 1 0 0 0  999977738889883778958676626555494469
7308 1 18 5 0 0 0 0 0  999977758889883668958476557463692479
7310 1 18 5 0 1 0 0 0  999977738889883668958576557464692479
7314 1 18 5 1 0 0 0 0  999977758889883668968576457544693279
7333 1 18 5 4 0 1 0 0  999977748889884638968676567553594279
7334 1 18 5 4 1 0 0 0  999977748889882658968676367535494579
7384 1 18 7 0 2 0 0 0  999977758889885668978476456724395639
7385 1 18 7 0 2 1 0 0  999977758889885668978476256744395639
7396 1 18 7 2 2 0 0 0  999977758889885628978676456765493439
7397 1 18 7 2 2 1 0 0  999977758889885638978676256763495449
7471 1 18 9 3 0 1 0 0  999966648889884738978777576553594269
7472 1 18 9 3 1 0 0 0  999966648889882758978777376535494569
7631 1 19 2 5 2 1 0 0  999988887779825468975674846665395739
7721 1 19 5 2 2 1 0 0  999988887779824638977676846563594559
7739 1 19 5 5 2 1 0 0  999988887779824368977675836664594559
7793 1 19 7 2 2 1 0 0  999988887779824668976375846763594559
7811 1 19 7 5 2 1 0 0  999988887779824368974675836766594559
7951 1 20 0 5 0 1 0 0  999977568889886758956574382776496349
7992 1 20 2 0 0 0 0 0  999977758889883768963575686745692449
8018 1 20 2 4 1 0 0 0  999977748889883768956675286763494559
8020 1 20 2 4 2 0 0 0  999977758889885768926674486765495339
8090 1 20 4 4 1 0 0 0  999977748889883768956775286663494559
8092 1 20 4 4 2 0 0 0  999977758889885768926774486665495339
8106 1 20 5 1 0 0 0 0  999977758889883668963476587455692479
8108 1 20 5 1 1 0 0 0  999977758889883668963576487455692479
8110 1 20 5 1 2 0 0 0  999977758889885668965476487435692379
8113 1 20 5 2 0 1 0 0  999977748889884668956376687553594279
8114 1 20 5 2 1 0 0 0  999977748889882668936576687535494579
8118 1 20 5 3 0 0 0 0  999977758889883668963476487526595479
8120 1 20 5 3 1 0 0 0  999977758889885668962476487436595379
8158 1 20 6 3 2 0 0 0  999977778889885668965476487426395359
8176 1 20 7 0 2 0 0 0  999977758889885668975476486724395639
8177 1 20 7 0 2 1 0 0  999977758889885668975476286744395639
8347 1 21 0 5 0 1 0 0  999977568889888758956574362776496349
8502 1 21 5 1 0 0 0 0  999977758889888668963576457544693279
8572 1 21 7 0 2 0 0 0  999977758889888668975476456724395639
8573 1 21 7 0 2 1 0 0  999977758889888668975476256744395639
8969 1 22 7 0 2 1 0 0  999977756869725847965888886474395639
