0 0 0 0 0 0 0 0 0  999988776789876878967554984456569332
66 1 0 1 5 0 0 0 0  999988657789874878963554987265769643
82 1 0 2 1 2 0 0 0  999988547789873878944676986763259565
102 1 0 2 5 0 0 0 0  999988657789873878963575984765469642
172 1 0 4 4 2 0 0 0  999988547789873878953626987744659665
352 1 0 9 4 2 0 0 0  999988547689853878944726987773659665
395 1 0 10 5 2 1 0 0  999988652489865878965744987777369635
403 1 1 0 1 0 1 0 0  999988858879764378974877936656269554
409 1 1 0 2 0 1 0 0  999988858879764378974877936664559256
411 1 1 0 2 1 1 0 0  999988858879764378974877936664529556
412 1 1 0 2 2 0 0 0  999988858879765278975877956664439346
413 1 1 0 2 2 1 0 0  999988858879765378975877936665429446
415 1 1 0 3 0 1 0 0  999988858879764378974877936266659554
446 1 1 1 2 1 0 0 0  999988858879774778944876936663259565
448 1 1 1 2 2 0 0 0  999988858879775778945876956662449363
578 1 1 5 0 1 0 0 0  999988858879774678963867937562649554
648 1 1 7 0 0 0 0 0  999988858879774678963867935562679454
650 1 1 7 0 1 0 0 0  999988858879774678963867935565679442
936 1 2 4 0 0 0 0 0  999988858889777768964767936545529634
1190 1 3 0 0 1 0 0 0  999988857769864878963875936744679552
1404 1 3 6 0 0 0 0 0  999988857779874868963877936455659246
1422 1 3 6 3 0 0 0 0  999988857779874868966877936545529634
1626 1 4 1 1 0 0 0 0  999988857779864888973666935562779454
1628 1 4 1 1 1 0 0 0  999988857779864888973666935565779442
1866 1 4 7 5 0 0 0 0  999988857779864888973574955763269646
1993 1 5 0 2 0 1 0 0  999988867769866288976785954744579335
2021 1 5 1 0 2 1 0 0  999988867779866288974685943563779554
2030 1 5 1 2 1 0 0 0  999988857779844688974686936563779552
2055 1 5 2 0 1 1 0 0  999988867779866288974687945565379534
2057 1 5 2 0 2 1 0 0  999988867779866288974687943563579554
2078 1 5 2 4 1 0 0 0  999988857779844688974687936663579552
2083 1 5 2 5 0 1 0 0  999988857779855288974687946666379534
2129 1 5 4 0 2 1 0 0  999988867779866288974685943563579754
2242 1 5 7 1 2 0 0 0  999988847779853688973687967652659445
2341 1 5 10 0 0 1 0 0  999988856679855288964786947777369534
2406 1 6 0 5 0 0 0 0  999988857789864878963574955763279646
2420 1 6 1 1 1 0 0 0  999988857789874878963666937562749554
2478 1 6 2 5 0 0 0 0  999988857789874878963574955763269646
3172 1 8 0 0 2 0 0 0  999988857769865288975768956734479643
3173 1 8 0 0 2 1 0 0  999988857769865288975768956733479446
3175 1 8 0 1 0 1 0 0  999988857769866288974768946755379534
3180 1 8 0 2 0 0 0 0  999988867769866288976758955743479453
3181 1 8 0 2 0 1 0 0  999988867769866288976758955733479445
3191 1 8 0 3 2 1 0 0  999988857769866488975748946735279653
3193 1 8 0 4 0 1 0 0  999988857769855288974768946766379534
3199 1 8 0 5 0 1 0 0  999988867759856388976738965726479445
3203 1 8 0 5 2 1 0 0  999988867759846388976738965755279464
3209 1 8 1 0 2 1 0 0  999988867779866388975638952465779445
3241 1 8 2 0 0 1 0 0  999988867779866388974678935564259754
3243 1 8 2 0 1 1 0 0  999988867779866288974678945565359734
3244 1 8 2 0 2 0 0 0  999988867779866288975678954365349754
3245 1 8 2 0 2 1 0 0  999988867779866288975678954365449735
3266 1 8 2 4 1 0 0 0  999988857779854688973678936662459745
3271 1 8 2 5 0 1 0 0  999988857779855288974678946666359734
3317 1 8 4 0 2 1 0 0  999988867779866288975648954365479735
3347 1 8 4 5 2 1 0 0  999988857779835488975648946666279753
3430 1 8 7 1 2 0 0 0  999988847779853688973678966752659445
3529 1 8 10 0 0 1 0 0  999988856679855288964768947777359634
3566 1 9 0 0 1 0 0 0  999988857769864878963676934784579552
3823 1 9 7 1 0 1 0 0  999988857779855828974676966784369534
4500 1 11 4 0 0 0 0 0  999987778889885768964767936545529634
5701 1 14 4 2 0 1 0 0  999988887779666558974286958654379734
5703 1 14 4 2 1 1 0 0  999988887779666558975286948654379734
5705 1 14 4 2 2 1 0 0  999988887779666258974586948655379734
5707 1 14 4 3 0 1 0 0  999988887779666558974286958564379734
5709 1 14 4 3 1 1 0 0  999988887779666558975286948564379734
5711 1 14 4 3 2 1 0 0  999988887779666258974586948565379734
5715 1 14 4 4 1 1 0 0  999988887779555628974686968564379734
5721 1 14 4 5 1 1 0 0  999988887779555268974685948666379734
5730 1 14 5 1 0 0 0 0  999988887779666268977587958654349354
5731 1 14 5 1 0 1 0 0  999988887779666568977587938653459442
5941 1 15 0 0 0 1 0 0  999988857769864278964687967855359734
5957 1 15 0 2 2 1 0 0  999988857769866278965487957844369735
5959 1 15 0 3 0 1 0 0  999988857769866278964687947855359734
6017 1 15 2 0 2 1 0 0  999988867779866368975387952865479445
6025 1 15 2 2 0 1 0 0  999988857779855668976287946864379534
6037 1 15 2 4 0 1 0 0  999988857779855268976687946864379534
6043 1 15 2 5 0 1 0 0  999988857779855268974687946866379534
6103 1 15 4 3 0 1 0 0  999988857779855668976286946854379734
6109 1 15 4 4 0 1 0 0  999988857779855628974686966854379734
6120 1 15 5 0 0 0 0 0  999988867779866268977587955864349354
6121 1 15 5 0 0 1 0 0  999988867779866568977587935863549424
6143 1 15 5 3 2 1 0 0  999988867779854628977687966854359534
6209 1 15 7 2 2 1 0 0  999988867779856668976287947854359534
6233 1 15 8 0 2 1 0 0  999988867779874668957287966854359534
6269 1 15 9 0 2 1 0 0  999988867779877668954287966854359534
6301 1 15 10 0 0 1 0 0  999988856679855278964786947877369534
6409 1 16 2 0 0 1 0 0  999988867779866558974287955684379634
6411 1 16 2 0 1 1 0 0  999988867779866558975287945684379634
6413 1 16 2 0 2 1 0 0  999988867779866258974587945685379634
6421 1 16 2 2 0 1 0 0  999988857779855668976287946684379534
6433 1 16 2 4 0 1 0 0  999988857779855268976687946684379534
6439 1 16 2 5 0 1 0 0  999988857779855268974687946686379534
6622 1 16 7 5 2 0 0 0  999988867779856448976287967486359535
6697 1 16 10 0 0 1 0 0  999988856679855278964786947787369534
6733 1 17 0 0 0 1 0 0  999988887769864378963687967554529745
6751 1 17 0 3 0 1 0 0  999988887769866378964687937554529745
6835 1 17 2 5 0 1 0 0  999988887779855268975687946664379534
6929 1 17 5 2 2 1 0 0  999988887779854628977687966654359534
7007 1 17 7 3 2 1 0 0  999988887779856668976287947654359534
7093 1 17 10 0 0 1 0 0  999988886679855278965786947774369534
7529 1 19 0 0 2 1 0 0  999988887769865278965676953783479445
7547 1 19 0 3 2 1 0 0  999988887769866278964675943783579554
7555 1 19 0 5 0 1 0 0  999988887759856378936574962786479465
7566 1 19 1 1 0 0 0 0  999988887779845668976526955384779634
7567 1 19 1 1 0 1 0 0  999988887779825668976536953584779644
7691 1 19 4 3 2 1 0 0  999988887779825668976364953685479745
7807 1 19 7 5 0 1 0 0  999988887779846558976275965786349364
7809 1 19 7 5 1 1 0 0  999988887779846528976575965786349364
7919 1 19 10 5 2 1 0 0  999988882769854768954777976686359534
8118 1 20 5 3 0 0 0 0  999977738889883668962476987546559475
8173 1 20 7 0 0 1 0 0  999977758889884668974276986755359634
8893 1 22 5 0 0 1 0 0  999977756689755287964876948888369534
9035 1 22 8 5 2 1 0 0  999977772689754687954866968888359534
