0 0 0 0 0 0 0 0 0  999887766798876887763554849563995492
14 1 0 0 2 1 0 0 0  999887746798873887766555839464995692
29 1 0 0 4 2 1 0 0  999887752798875887745666869363995494
31 1 0 0 5 0 1 0 0  999887762798876887746553869546995394
33 1 0 0 5 1 1 0 0  999887762798876887746555869346995394
34 1 0 0 5 2 0 0 0  999887762798876887756443869356994595
35 1 0 0 5 2 1 0 0  999887762798876887746533869555996494
77 1 0 2 0 2 1 0 0  999887776698875887765633859444995692
107 1 0 2 5 2 1 0 0  999887772698874887754666869353994595
191 1 0 5 1 2 1 0 0  999887776698876884765347859365994295
211 1 0 5 5 0 1 0 0  999887775598876885746527869346996394
365 1 0 10 0 2 1 0 0  999886762598876886674555849373994797
477 1 1 2 1 1 1 0 0  999888558897774687667637849256993594
546 1 1 4 1 0 0 0 0  999888658897774787547666839565993294
556 1 1 4 2 2 0 0 0  999888358897775787447666859466995392
572 1 1 4 5 1 0 0 0  999888638897773787467555829464995696
590 1 1 5 2 1 0 0 0  999888548897773687663675869744992595
592 1 1 5 2 2 0 0 0  999888458897775687665674869735992493
649 1 1 7 0 0 1 0 0  999888758897774687655637849256993694
668 1 1 7 3 1 0 0 0  999888758897774687663567839655992494
693 1 1 8 1 1 1 0 0  999888558897777687664637849256993594
859 1 2 1 5 0 1 0 0  999888658897787787565735649264993694
988 1 2 5 2 2 0 0 0  999888548897787687663672569744993595
1030 1 2 6 3 2 0 0 0  999888548896686787773762579644993595
1038 1 2 6 5 0 0 0 0  999888648895583787773725679464995696
1049 1 2 7 0 2 1 0 0  999888578897787687654637549256993694
1055 1 2 7 1 2 1 0 0  999888578897787687664637549256993594
1073 1 2 7 4 2 1 0 0  999888578897787687666637549254993594
1094 1 2 8 2 1 0 0 0  999888548897685787773766639644992595
1096 1 2 8 2 2 0 0 0  999888458897685787775766659644992393
1225 1 3 1 0 0 1 0 0  999888477798766887663552869543997594
1235 1 3 1 1 2 1 0 0  999888577798754887666626849353997594
1291 1 3 2 5 0 1 0 0  999888657798764887565725849363997694
1335 1 3 4 0 1 1 0 0  999888767798766883674555849275993694
1337 1 3 4 0 2 1 0 0  999888767798766883674555859274993694
1384 1 3 5 2 2 0 0 0  999888547798753887673766869644992595
1410 1 3 6 1 0 0 0 0  999888657798774887547666839565993294
1420 1 3 6 2 2 0 0 0  999888357798775887447666859466995392
1436 1 3 6 5 1 0 0 0  999888637798773887467555829464995696
1459 1 3 7 3 0 1 0 0  999888657798755887666736849254993794
1465 1 3 7 4 0 1 0 0  999888667798765887565735849264993794
1562 1 3 10 2 1 0 0 0  999888736698673886476555829474995797
1621 1 4 1 0 0 1 0 0  999888477798766887586625659345997394
1672 1 4 2 2 2 0 0 0  999888547798753887683766629644997595
1687 1 4 2 5 0 1 0 0  999888657798764887585725649363997694
1750 1 4 4 3 2 0 0 0  999888577798754886387666449367992595
1780 1 4 5 2 2 0 0 0  999888547798753887687766639644992595
1816 1 4 6 2 2 0 0 0  999888457798775887487666359266995493
1828 1 4 6 4 2 0 0 0  999888357798775887487666659446995392
1850 1 4 7 2 1 0 0 0  999888547798753887685766639644992795
1852 1 4 7 2 2 0 0 0  999888457798735887685766659644992793
1886 1 4 8 2 1 0 0 0  999888547798775887683766639644992595
1888 1 4 8 2 2 0 0 0  999888457798775887685766659644992393
2170 1 5 5 1 2 0 0 0  999888547798753687687862769644993595
2174 1 5 5 2 1 0 0 0  999888547798753687287866759644993695
2176 1 5 5 2 2 0 0 0  999888457798735687287866759635994694
2188 1 5 5 4 2 0 0 0  999888547798753687287866769644993595
2210 1 5 6 2 1 0 0 0  999888547798775687287866539644993695
2212 1 5 6 2 2 0 0 0  999888457798775687287866359635994694
2290 1 5 8 3 2 0 0 0  999888547798773687686862579644993595
2298 1 5 8 5 0 0 0 0  999888657798773587485852679464993696
2423 1 6 1 1 2 1 0 0  999888577798784887666626549353997594
2479 1 6 2 5 0 1 0 0  999888657798784887565725649363997694
2520 1 6 4 0 0 0 0 0  999888757798784886673465659674993592
2522 1 6 4 0 1 0 0 0  999888757798784886673565659673992494
2526 1 6 4 1 0 0 0 0  999888757798784886676665459573993294
2570 1 6 5 2 1 0 0 0  999888547798785887673766639644992595
2572 1 6 5 2 2 0 0 0  999888457798785887675766659644992393
2695 1 6 8 5 0 1 0 0  999888657798787887565735649264993694
2794 1 7 0 3 2 0 0 0  999888848897753687676767539644992595
2802 1 7 0 5 0 0 0 0  999888848897763587573747659562994696
2807 1 7 0 5 2 1 0 0  999888858897765487375747649365992696
2810 1 7 1 0 1 0 0 0  999888858897774787663766539464992595
2880 1 7 3 0 0 0 0 0  999888858897777787664566459563993294
2904 1 7 3 4 0 0 0 0  999888858897777787545666649536992394
2916 1 7 4 0 0 0 0 0  999888858897774787667566459563993294
2932 1 7 4 2 2 0 0 0  999888858897775787447666359466995392
2940 1 7 4 4 0 0 0 0  999888858897773787547666639446992595
2942 1 7 4 4 1 0 0 0  999888858897773787457666639446992595
2944 1 7 4 4 2 0 0 0  999888858897775787447666659436995392
2966 1 7 5 2 1 0 0 0  999888858897774687663672569744993595
2968 1 7 5 2 2 0 0 0  999888858897775687665674469745992393
2994 1 7 6 1 0 0 0 0  999888858897777687664675459536992394
3025 1 7 7 0 0 1 0 0  999888858897774687655637549276993694
3026 1 7 7 0 1 0 0 0  999888858897774687644657559276993693
3030 1 7 7 1 0 0 0 0  999888858897774687663647559276994593
3032 1 7 7 1 1 0 0 0  999888858897773687663657559476992494
3038 1 7 7 2 1 0 0 0  999888858897774687663667539474992595
3042 1 7 7 3 0 0 0 0  999888858897774687663467559674993592
3044 1 7 7 3 1 0 0 0  999888858897774687663567559673992494
3054 1 7 7 5 0 0 0 0  999888858897774687545667669573993294
3270 1 8 2 5 0 0 0 0  999888657798763587485785639464997692
3313 1 8 4 0 0 1 0 0  999888377798766682487584659537996495
3340 1 8 4 4 2 0 0 0  999888577798753686487686639447992595
3358 1 8 5 1 2 0 0 0  999888547798753687687782669644993595
3360 1 8 5 2 0 0 0 0  999888557798753687287786469644995693
3364 1 8 5 2 2 0 0 0  999888547798753687287786569644993695
3376 1 8 5 4 2 0 0 0  999888547798753687287786669644993595
3378 1 8 5 5 0 0 0 0  999888657798763587587784659464993692
3380 1 8 5 5 1 0 0 0  999888657798763587487785659464993692
3400 1 8 6 2 2 0 0 0  999888457798775687487686359266995493
3450 1 8 7 5 0 0 0 0  999888657798763587485785639464992796
3486 1 8 8 5 0 0 0 0  999888657798773587485785639464992696
3569 1 9 0 0 2 1 0 0  999888776798674687287368549653994595
3611 1 9 1 1 2 1 0 0  999888577798754687686628549363997594
3623 1 9 1 3 2 1 0 0  999888577798754687686628549353997694
3666 1 9 2 5 0 0 0 0  999888657798763587485758639464997692
3671 1 9 2 5 2 1 0 0  999888657798765487385748649365997692
3719 1 9 4 1 2 1 0 0  999888577798754686687638549267993594
3725 1 9 4 2 2 1 0 0  999888577798754686687638649257993594
3727 1 9 4 3 0 1 0 0  999888577798755686687628459347996394
3737 1 9 4 4 2 1 0 0  999888577798754683687668649257993594
3754 1 9 5 1 2 0 0 0  999888547798753687687768639644992595
3756 1 9 5 2 0 0 0 0  999888657798764687587768639545993294
3774 1 9 5 5 0 0 0 0  999888647798763587587748659563994692
3779 1 9 5 5 2 1 0 0  999888657798765487387748649365995692
3794 1 9 6 2 1 0 0 0  999888547798773687587668449663992595
3796 1 9 6 2 2 0 0 0  999888457798775687487668359665992493
3823 1 9 7 1 0 1 0 0  999888657798755687686738649254993794
3838 1 9 7 3 2 0 0 0  999888547798753687686768539644992795
3846 1 9 7 5 0 0 0 0  999888647798763587583748659562994796
3851 1 9 7 5 2 1 0 0  999888657798765487385748649365992796
3874 1 9 8 3 2 0 0 0  999888547798773687686768539644992595
3882 1 9 8 5 0 0 0 0  999888647798773587583748659562994696
3887 1 9 8 5 2 1 0 0  999888657798775487385748649365992696
3997 1 10 1 0 0 1 0 0  999888877798766887663552469543997594
4007 1 10 1 1 2 1 0 0  999888877798754887666626549353997594
4063 1 10 2 5 0 1 0 0  999888857798764887565725649363997694
4068 1 10 3 0 0 0 0 0  999888857798774887663566459563997294
4087 1 10 3 3 0 1 0 0  999888847798774887666536539564997295
4092 1 10 3 4 0 0 0 0  999888857798774887545666629536997394
4154 1 10 5 2 1 0 0 0  999888857798754887673766639644992595
4156 1 10 5 2 2 0 0 0  999888857798745887675766659644992393
4176 1 10 6 0 0 0 0 0  999888857798774887667566459563993294
4192 1 10 6 2 2 0 0 0  999888857798775887447666359466995392
4200 1 10 6 4 0 0 0 0  999888857798773887547666639446992595
4202 1 10 6 4 1 0 0 0  999888857798773887457666639446992595
4204 1 10 6 4 2 0 0 0  999888857798775887447666659436995392
4250 1 10 8 0 1 0 0 0  999888857798774887663766539464992595
4284 1 10 9 0 0 0 0 0  999888857798777887664566459563993294
4308 1 10 9 4 0 0 0 0  999888857798777887545666649536992394
4537 1 11 5 0 0 1 0 0  999888888797766786565725469345997394
4866 1 12 3 1 0 0 0 0  999888858797773886663765469447992595
4868 1 12 3 1 1 0 0 0  999888858797773886663764569447992595
4870 1 12 3 1 2 0 0 0  999888858797775886665764469437995392
4872 1 12 3 2 0 0 0 0  999888858797774886662765459537996394
4884 1 12 3 4 0 0 0 0  999888858797774886666765459537992394
4906 1 12 4 1 2 0 0 0  999888858797735886665764469477995392
4970 1 12 6 0 1 0 0 0  999888848797773886653765679644992595
4972 1 12 6 0 2 0 0 0  999888858797775886645764679635992493
4988 1 12 6 3 1 0 0 0  999888858797774886663762579644993595
4990 1 12 6 3 2 0 0 0  999888858797775886665764479645992393
4998 1 12 6 5 0 0 0 0  999888848797773885563725679464995696
5042 1 12 8 0 1 0 0 0  999888858797774887663766539464992595
5154 1 13 0 1 0 0 0 0  999888878797666782755866549345997394
5155 1 13 0 1 0 1 0 0  999888878797666782755866459353997494
5159 1 13 0 1 2 1 0 0  999888878797666782754866549353997594
5220 1 13 2 0 0 0 0 0  999888868797766782575865649345997394
5221 1 13 2 0 0 1 0 0  999888868797766783573865659245997494
5312 1 13 4 3 1 0 0 0  999888848797753786577866639644992595
5314 1 13 4 3 2 0 0 0  999888858797745786477866659635992493
5366 1 13 6 0 1 0 0 0  999888848797773786653865679644992595
5368 1 13 6 0 2 0 0 0  999888858797775786645864679635992493
5384 1 13 6 3 1 0 0 0  999888858797774786663862579644993595
5386 1 13 6 3 2 0 0 0  999888858797775786665864479645992393
5394 1 13 6 5 0 0 0 0  999888848797773785563825679464995696
5410 1 13 7 1 2 0 0 0  999888848797753786663862569744997595
5435 1 13 7 5 2 1 0 0  999888858797765783365844649765997692
5579 1 14 0 5 2 1 0 0  999888857793365487265847649768997695
5638 1 14 2 3 2 0 0 0  999888857797666484765826759738994395
5712 1 14 4 4 0 0 0 0  999888857797255686766836549748993794
5713 1 14 4 4 0 1 0 0  999888857797255686766846449758993793
5718 1 14 4 5 0 0 0 0  999888857797255683754866669748993794
5719 1 14 4 5 0 1 0 0  999888857797255684744866669758993793
5736 1 14 5 2 0 0 0 0  999888857797666584775856379638994294
5810 1 14 7 2 1 0 0 0  999888847797666485755856749638997392
5814 1 14 7 3 0 0 0 0  999888857797666582765856749348997394
5815 1 14 7 3 0 1 0 0  999888857797666385765856739248997494
5818 1 14 7 3 2 0 0 0  999888847797666585755846749368997392
5819 1 14 7 3 2 1 0 0  999888847797666585755826749368997394
5826 1 14 7 5 0 0 0 0  999888857797565384764845739268997696
5869 1 14 9 0 0 1 0 0  999888837797773686557856529648996494
5873 1 14 9 0 2 1 0 0  999888847797774686257836539658996594
5909 1 14 10 0 2 1 0 0  999888847797777686254836539658996594
5976 1 15 1 0 0 0 0 0  999888777798766582576864659543998493
5977 1 15 1 0 0 1 0 0  999888777798766585276865639543998494
6012 1 15 2 0 0 0 0 0  999888767798766682575875649345998394
6013 1 15 2 0 0 1 0 0  999888767798766683573875659245998494
6043 1 15 2 5 0 1 0 0  999888747798764583573872659564998696
6060 1 15 3 2 0 0 0 0  999888577798775686637844669455998392
6121 1 15 5 0 0 1 0 0  999888667798746687575825679345998394
6150 1 15 5 5 0 0 0 0  999888657798763587475852679464998693
6202 1 15 7 1 2 0 0 0  999888567798753687663844769752998495
6208 1 15 7 2 2 0 0 0  999888547798753687663862769744998595
6229 1 15 8 0 0 1 0 0  999888667798776687565825479345998394
6236 1 15 8 1 1 0 0 0  999888637798773687656844679555998492
6250 1 15 8 3 2 0 0 0  999888547798773687663862579644998595
6258 1 15 8 5 0 0 0 0  999888657798773587465852679464998693
6486 1 16 4 1 0 0 0 0  999888757798764686673845659573994892
6488 1 16 4 1 1 0 0 0  999888757798764686673855659474993892
6497 1 16 4 2 2 1 0 0  999888747798734586676856559674992893
6503 1 16 4 3 2 1 0 0  999888757798735686675844649275996893
6509 1 16 4 4 2 1 0 0  999888757798735686676844649275995893
6515 1 16 4 5 2 1 0 0  999888757798735684474866669275995893
6538 1 16 5 3 2 0 0 0  999888547798753687676862579644993895
6546 1 16 5 5 0 0 0 0  999888657798763587475852679464993896
6602 1 16 7 2 1 0 0 0  999888547798753687665862769744993895
6604 1 16 7 2 2 0 0 0  999888457798735687665862769735994894
6644 1 16 8 3 1 0 0 0  999888547798773687663865579644992895
6646 1 16 8 3 2 0 0 0  999888457798775687665864479635992893
6654 1 16 8 5 0 0 0 0  999888657798773587465852679464993896
6767 1 17 0 5 2 1 0 0  999888857798365487365847649765997692
6882 1 17 4 1 0 0 0 0  999888847798763686673855629474995597
6884 1 17 4 1 1 0 0 0  999888847798763686673855659474992597
6899 1 17 4 3 2 1 0 0  999888857798725686675844649375996397
6934 1 17 5 3 2 0 0 0  999888847798753687676862579644993595
6942 1 17 5 5 0 0 0 0  999888857798763587475852679464993696
6998 1 17 7 2 1 0 0 0  999888847798753687663865769744992595
7000 1 17 7 2 2 0 0 0  999888857798745687665864769735992493
7024 1 17 8 0 2 0 0 0  999888847798773687653862579644996595
7040 1 17 8 3 1 0 0 0  999888857798774687663862579644993595
7042 1 17 8 3 2 0 0 0  999888857798775687665864479645992393
7050 1 17 8 5 0 0 0 0  999888857798773587465852679464993696
7163 1 18 0 5 2 1 0 0  999888887793365487265847649765997695
7222 1 18 2 3 2 0 0 0  999888887797666484765826759735994395
7296 1 18 4 4 0 0 0 0  999888887797255686766836549745993794
7297 1 18 4 4 0 1 0 0  999888887797255686766836359754994794
7302 1 18 4 5 0 0 0 0  999888887797255683754866669745993794
7303 1 18 4 5 0 1 0 0  999888887797255683735866669754994794
7398 1 18 7 3 0 0 0 0  999888887797666582765856749345997394
7399 1 18 7 3 0 1 0 0  999888887797666385765856739245997494
7402 1 18 7 3 2 0 0 0  999888887797666585755846749364997392
7403 1 18 7 3 2 1 0 0  999888887797666585755826749364997394
7452 1 18 9 0 0 0 0 0  999888887797775686457826559643996493
7453 1 18 9 0 0 1 0 0  999888887797775686357846449655996392
7457 1 18 9 0 2 1 0 0  999888887797774686257836539654996594
7493 1 18 10 0 2 1 0 0  999888887797777686254836539654996594
7559 1 19 0 5 2 1 0 0  999888857798365487365748649765997692
7571 1 19 1 1 2 1 0 0  999888877798754687664638539256997594
7589 1 19 1 4 2 1 0 0  999888877798754687666628549353997594
7607 1 19 2 1 2 1 0 0  999888867798754687664728569353997594
7618 1 19 2 3 2 0 0 0  999888847798753687663768529644997595
7626 1 19 2 5 0 0 0 0  999888857798763587465758639464997692
7631 1 19 2 5 2 1 0 0  999888857798765487365748649365997692
7669 1 19 4 0 0 1 0 0  999888867798766685574358649573994297
7676 1 19 4 1 1 0 0 0  999888847798744686673658559276993597
7685 1 19 4 2 2 1 0 0  999888857798745686675638469275993497
7726 1 19 5 3 2 0 0 0  999888847798753687676768539644992595
7734 1 19 5 5 0 0 0 0  999888847798763587573748659562994696
7739 1 19 5 5 2 1 0 0  999888857798765487375748649365992696
7796 1 19 7 3 1 0 0 0  999888857798754687663768539644992795
7798 1 19 7 3 2 0 0 0  999888857798745687665768359644992793
7806 1 19 7 5 0 0 0 0  999888847798763587563748659562994796
7811 1 19 7 5 2 1 0 0  999888857798765487365748649365992796
7816 1 19 8 0 2 0 0 0  999888847798773687653768529644996595
7832 1 19 8 3 1 0 0 0  999888857798774687663768539644992595
7834 1 19 8 3 2 0 0 0  999888857798775687665768459644992393
7842 1 19 8 5 0 0 0 0  999888847798773587563748659562994696
7847 1 19 8 5 2 1 0 0  999888857798775487365748649365992696
8537 1 21 6 0 2 1 0 0  999777748898888686254736539657996594
8645 1 21 9 0 2 1 0 0  999777778898888686254736539654996594
8933 1 22 6 0 2 1 0 0  999777748696254888888736539657996594
9041 1 22 9 0 2 1 0 0  999777778696254888888736539654996594
