0 0 0 0 0 0 0 0 0  999887768799783687976688936559544425
253 1 0 7 0 0 1 0 0  999887778699786686973588975249543564
314 1 0 8 4 1 0 0 0  999886648799683787977588937659652445
736 1 1 9 2 2 0 0 0  999888548899666387957376987659772445
748 1 1 9 4 2 0 0 0  999888538899656487957476987649773625
754 1 1 9 5 2 0 0 0  999888538899653487957476987649772665
962 1 2 4 4 1 0 0 0  999888548899783787973567966759662445
964 1 2 4 4 2 0 0 0  999888458899785787975467966749665332
1252 1 3 1 4 2 0 0 0  999888548799787787953286967659644635
1646 1 4 1 4 1 0 0 0  999888548799773787983586967659644625
1648 1 4 1 4 2 0 0 0  999888458799775787985486967649635623
1784 1 4 5 3 1 0 0 0  999888548799775786983786936669752445
1786 1 4 5 3 2 0 0 0  999888458799775786985786956669744332
2232 1 5 7 0 0 0 0 0  999888758799774786963866935769582454
2234 1 5 7 0 1 0 0 0  999888758799774786963866935769585442
2258 1 5 7 4 1 0 0 0  999888758799774786963865936749682554
2377 1 6 0 0 0 1 0 0  999888778799676687947286985549356354
2428 1 6 1 2 2 0 0 0  999888548799773787953682987669644565
2440 1 6 1 4 2 0 0 0  999888548799773787953686987259644665
2446 1 6 1 5 2 0 0 0  999888548799773787953286987659644665
2628 1 6 7 0 0 0 0 0  999888758799774786963685986749525634
2722 1 6 9 3 2 0 0 0  999888538699663787952684987449777565
3230 1 8 1 4 1 0 0 0  999888548799773787944586967659683625
3232 1 8 1 4 2 0 0 0  999888458799775787935486967649685623
3438 1 8 7 3 0 0 0 0  999888748799773786966585936759484652
3614 1 9 1 2 1 0 0 0  999888547799875687983686937759644625
3616 1 9 1 2 2 0 0 0  999888457799875687985686957739644623
3646 1 9 2 1 2 0 0 0  999888547799873687983786966659752445
4022 1 10 1 4 1 0 0 0  999888848799773787953586967659644625
4024 1 10 1 4 2 0 0 0  999888858799775787945486967649635623
4230 1 10 7 3 0 0 0 0  999888848799773786966585936759474652
4782 1 12 0 5 0 0 0 0  999888858799764887963754955279763646
4824 1 12 2 0 0 0 0 0  999888858799774886963766937569545274
4922 1 12 4 4 1 0 0 0  999888848799773887953576967659644625
4924 1 12 4 4 2 0 0 0  999888858799775887945476967649635623
4934 1 12 5 0 1 0 0 0  999888838799773886962774946659555476
5328 1 13 5 0 0 0 0 0  999888858799774786963876934769654552
5330 1 13 5 0 1 0 0 0  999888858799774786963876935769655442
5400 1 13 7 0 0 0 0 0  999888858799774786963866935769572454
5402 1 13 7 0 1 0 0 0  999888858799774786963866935769575442
5426 1 13 7 4 1 0 0 0  999888858799774786963865936749672554
5729 1 14 5 0 2 1 0 0  999888487799766287976865973589563454
6016 1 15 2 0 2 0 0 0  999888667799746687964825977539588354
6036 1 15 2 4 0 0 0 0  999888557799753687944826977649688653
6040 1 15 2 4 2 0 0 0  999888547799753687944826977659688635
6089 1 15 4 0 2 1 0 0  999888767799766285974856945379588634
6146 1 15 5 4 1 0 0 0  999888547799744687973826975659688635
6148 1 15 5 4 2 0 0 0  999888357799735687975846974649688652
6151 1 15 5 5 0 1 0 0  999888457799743587975856972649688663
6220 1 15 7 4 2 0 0 0  999888537799753687952846974749688665
6254 1 15 8 4 1 0 0 0  999888547799773687944826975659688635
6256 1 15 8 4 2 0 0 0  999888357799775687935846974649688652
6259 1 15 8 5 0 1 0 0  999888557799775487944836973659688662
6295 1 15 9 5 0 1 0 0  999888557799777487935846942659688663
6319 1 15 10 3 0 1 0 0  999888556699765486944837963759788772
6325 1 15 10 4 0 1 0 0  999888556699766486935847942759788773
6331 1 15 10 5 0 1 0 0  999888556499735686966847942759788773
6553 1 16 6 0 0 1 0 0  999888667799877386963877965459582445
6588 1 16 7 0 0 0 0 0  999888757799874687963867935569685442
6590 1 16 7 0 1 0 0 0  999888757799874687963867934569684552
6832 1 17 2 4 2 0 0 0  999888847799753687944826977659658635
7568 1 19 1 1 1 0 0 0  999888847799873687966586937759652445
7670 1 19 4 0 1 0 0 0  999888857799874687963685937649762554
7776 1 19 7 0 0 0 0 0  999888857799874687963786935569645724
7778 1 19 7 0 1 0 0 0  999888857799874687963786935469655742
7811 1 19 7 5 2 1 0 0  999888867799876287946785963549536754
7937 1 20 0 2 2 1 0 0  999888887799666287954786943679753545
7949 1 20 0 4 2 1 0 0  999888887799656287954786943679753645
8893 1 22 5 0 0 1 0 0  999787756699755278964786948369888534
9035 1 22 8 5 2 1 0 0  999787772699754678954686968359888534
