0 0 0 0 0 0 0 0 0  999998867786986875895487497625653734
5 1 0 0 0 2 1 0 0  999998867786986873894287597654653745
44 1 0 1 1 1 0 0 0  999998857787984876893686696744555732
86 1 0 2 2 1 0 0 0  999998857787984876893687496673562554
272 1 0 7 3 1 0 0 0  999998857787984876893687696644573552
324 1 0 9 0 0 0 0 0  999998857686984876893786597773455642
326 1 0 9 0 1 0 0 0  999998857686984876893786497773555624
413 1 1 0 2 2 1 0 0  999998888877954276897877596664356534
419 1 1 0 3 2 1 0 0  999998888877954276897877596664353564
425 1 1 0 4 2 1 0 0  999998888877954276897877596666354534
431 1 1 0 5 2 1 0 0  999998888877954276897877596354666534
1985 1 5 0 0 2 1 0 0  999998887766985387895768394675744652
2003 1 5 0 3 2 1 0 0  999998887766986287894768593674753545
2009 1 5 0 4 2 1 0 0  999998887763984287894768596676753545
2422 1 6 1 1 2 0 0 0  999998887787984875893666295763455746
2808 1 7 1 0 0 0 0 0  999998858888974777893667495625563764
2826 1 7 1 3 0 0 0 0  999998858888974777893667695645526734
3173 1 8 0 0 2 1 0 0  999998887766985387895763894675744652
3185 1 8 0 2 2 1 0 0  999998887766986287894765893574763554
3203 1 8 0 5 2 1 0 0  999998887736984287894765896573766554
3240 1 8 2 0 0 0 0 0  999998887776986287896667895534475543
3241 1 8 2 0 0 1 0 0  999998887776986287896667895453573445
3683 1 9 3 1 2 1 0 0  999998887777982835897666495368545476
3745 1 9 5 0 0 1 0 0  999998887776986827897667495548335564
3781 1 9 6 0 0 1 0 0  999998887777984866894267795658533645
4033 1 10 2 0 0 1 0 0  999998668888946777895367895375562474
4046 1 10 2 2 1 0 0 0  999998548888944777893627896673566575
4048 1 10 2 2 2 0 0 0  999998358888935777895647896675466472
4118 1 10 4 2 1 0 0 0  999998548888952777895637896644366775
4120 1 10 4 2 2 0 0 0  999998458888925777895637896644366775
4141 1 10 5 0 0 1 0 0  999998668888936776897577895274564543
4249 1 10 8 0 0 1 0 0  999998668888936777897567895274564543
4285 1 10 9 0 0 1 0 0  999998668888936576897752897774564543
4392 1 11 1 0 0 0 0 0  999998758888984777893667495625563764
4410 1 11 1 3 0 0 0 0  999998758888984777893667695645526734
4753 1 12 0 0 0 1 0 0  999998778888966267897755793564356844
4896 1 12 4 0 0 0 0 0  999998758888974777893662795645563864
4898 1 12 4 0 1 0 0 0  999998758888973777893664795655464862
4914 1 12 4 3 0 0 0 0  999998758888974777892666795465536843
4922 1 12 4 4 1 0 0 0  999998748888973777893656796566545824
5617 1 14 2 0 0 1 0 0  999997778886986758898367695376524544
5945 1 15 0 0 2 1 0 0  999998887766985276895678694785474353
6121 1 15 5 0 0 1 0 0  999998887776986657897368795386524544
6226 1 15 7 5 2 0 0 0  999998887776985337895268796785664454
6227 1 15 7 5 2 1 0 0  999998887776985247895468796784665353
6516 1 16 5 0 0 0 0 0  999998887776986647897268795548335564
6625 1 16 8 0 0 1 0 0  999998887777984665897268795658364534
6733 1 17 0 0 0 1 0 0  999997748888977766898267895654533645
6805 1 17 2 0 0 1 0 0  999997778888974766898267895654533645
6985 1 17 7 0 0 1 0 0  999997778888974665898267895657364534
7032 1 17 8 2 0 0 0 0  999996668888955744898777892674657353
7033 1 17 8 2 0 1 0 0  999996668888955742898777894674657353
7255 1 18 3 3 0 1 0 0  999996668888984727898757795654367534
7435 1 18 8 3 0 1 0 0  999996668888984727898757795657364534
7525 1 19 0 0 0 1 0 0  999997748888977766894267895658533645
7597 1 19 2 0 0 1 0 0  999997778888974766894267895658533645
7777 1 19 7 0 0 1 0 0  999997778888974665897267895658364534
7896 1 19 10 2 0 0 0 0  999996668888955427894476897658777353
7897 1 19 10 2 0 1 0 0  999996668888955447894276897658777353
7933 1 20 0 2 0 1 0 0  999997758888984276798678796655364534
7934 1 20 0 2 1 0 0 0  999997758888984276798678796644563553
8173 1 20 7 0 0 1 0 0  999997778888987665798268795654364534
8251 1 20 9 1 0 1 0 0  999996668888984576798758397277654543
8509 1 21 5 2 0 1 0 0  999997778888988665896267695754374534
