0 0 0 0 0 0 0 0 0  999988778279987768675868556454499633
19 1 0 0 3 0 1 0 0  999988778279987768676858546354599634
107 1 0 2 5 2 1 0 0  999988658779987748765838657464399652
202 1 0 5 3 2 0 0 0  999988548779987768663878536744299565
210 1 0 5 5 0 0 0 0  999988658779987758465878645763299643
230 1 0 6 2 1 0 0 0  999988548769985778773878536644299665
232 1 0 6 2 2 0 0 0  999988458769985778775878356644299663
269 1 0 7 2 2 1 0 0  999988578779987768664828547353699564
275 1 0 7 3 2 1 0 0  999988578779987768664828547356699534
281 1 0 7 4 2 1 0 0  999988578779987768666828547354699534
287 1 0 7 5 2 1 0 0  999988578779987738654828547653699664
396 1 1 0 0 0 0 0 0  999988858879974678763876735562699454
398 1 1 0 0 1 0 0 0  999988858879974678763876735565699442
606 1 1 5 5 0 0 0 0  999988848879977578653856737644699625
872 1 2 2 1 1 0 0 0  999988858889974778763666737562599454
874 1 2 2 1 2 0 0 0  999988858889975778765666757464499332
878 1 2 2 2 1 0 0 0  999988848889973778744666737566599525
951 1 2 4 2 1 1 0 0  999988848889974778733666745566299557
953 1 2 4 2 2 1 0 0  999988848889974778733666742566599557
1054 1 2 7 1 2 0 0 0  999988868889935778735676654476299475
1060 1 2 7 2 2 0 0 0  999988858889945778735676656476299473
1064 1 2 7 3 1 0 0 0  999988848889953778744676632576699575
1066 1 2 7 3 2 0 0 0  999988858889935778735676654476699472
1074 1 2 7 5 0 0 0 0  999988858889963778763574655474299676
1102 1 2 8 3 2 0 0 0  999988858889935778775676656447499362
1484 1 3 8 1 1 0 0 0  999988848789953778773668627644599565
1486 1 3 8 1 2 0 0 0  999988858789945778775668657644399362
1592 1 4 0 1 1 0 0 0  999988858779954788673668637652799445
1594 1 4 0 1 2 0 0 0  999988858779945788675668657644799332
1604 1 4 0 3 1 0 0 0  999988858779964788573668637644799552
1634 1 4 1 2 1 0 0 0  999988848779973788753668625656799445
1636 1 4 1 2 2 0 0 0  999988858779975788745668654646799332
1638 1 4 1 3 0 0 0 0  999988858779974788763668634654799552
1640 1 4 1 3 1 0 0 0  999988858779974788763668635655799442
1664 1 4 2 1 1 0 0 0  999988848779973788753668627644599565
1666 1 4 2 1 2 0 0 0  999988858779975788745668657644399362
1766 1 4 5 0 1 0 0 0  999988858779974788663578636755699442
1836 1 4 7 0 0 0 0 0  999988858779973788663548657656499742
1841 1 4 7 0 2 1 0 0  999988858779975788665448647636299753
1842 1 4 7 1 0 0 0 0  999988848779973788666658537644599725
1854 1 4 7 3 0 0 0 0  999988848779973788666558637645599724
1859 1 4 7 3 2 1 0 0  999988858779975788666438657644399752
1860 1 4 7 4 0 0 0 0  999988848779973788553668667644599725
1867 1 4 7 5 0 1 0 0  999988868779976788556448467526399735
2052 1 5 2 0 0 0 0 0  999988848779973768763685567844599625
2064 1 5 2 2 0 0 0 0  999988848779973768766585637845599624
2070 1 5 2 3 0 0 0 0  999988848779973768766685537844599625
2162 1 5 5 0 1 0 0 0  999988858779974768653687637852699445
2164 1 5 5 0 2 0 0 0  999988858779975768645687657844699332
2180 1 5 5 3 1 0 0 0  999988858779974768663687537852699445
2182 1 5 5 3 2 0 0 0  999988858779975768665687457844699332
2190 1 5 5 5 0 0 0 0  999988848779973758563487647865599626
2238 1 5 7 1 0 0 0 0  999988848779973768663685567844599725
2244 1 5 7 2 0 0 0 0  999988858779974768663685457826599734
2250 1 5 7 3 0 0 0 0  999988858779974768663684557853699742
2252 1 5 7 3 1 0 0 0  999988858779974768663685557844699732
2256 1 5 7 4 0 0 0 0  999988848779973768666685537844599725
2383 1 6 0 1 0 1 0 0  999988858779964768676828557364799534
2393 1 6 0 2 2 1 0 0  999988868779956768676828547354799534
2414 1 6 1 0 1 0 0 0  999988858779974768763868446555799632
2576 1 6 5 3 1 0 0 0  999988848779973768663878526744599565
2578 1 6 5 3 2 0 0 0  999988858779975768665878456744399362
2586 1 6 5 5 0 0 0 0  999988858779974758465878635763299646
2631 1 6 7 0 1 1 0 0  999988858779975768655828647364699734
2632 1 6 7 0 2 0 0 0  999988858779975768645828657364699734
2633 1 6 7 0 2 1 0 0  999988858779975768625848447365699736
2641 1 6 7 2 0 1 0 0  999988858779974768664828557353699764
2647 1 6 7 3 0 1 0 0  999988858779974768664828557356699734
2653 1 6 7 4 0 1 0 0  999988858779974768666828557354699734
2663 1 6 7 5 2 1 0 0  999988868779976738546828467536599754
2665 1 6 8 0 0 1 0 0  999988858779977768655828647364699534
3178 1 8 0 1 2 0 0 0  999988848779953768676668537852799445
3206 1 8 1 0 1 0 0 0  999988858779974768763668445855799632
3252 1 8 2 2 0 0 0 0  999988848779973768766558637845599624
3257 1 8 2 2 2 1 0 0  999988858779975768766438657844399652
3258 1 8 2 3 0 0 0 0  999988848779973768766658537844599625
3350 1 8 5 0 1 0 0 0  999988848779973768653678625857699445
3352 1 8 5 0 2 0 0 0  999988858779975768645678654847699332
3368 1 8 5 3 1 0 0 0  999988848779973768663678525857699445
3370 1 8 5 3 2 0 0 0  999988858779975768665678454847699332
3378 1 8 5 5 0 0 0 0  999988848779973758563478645867299656
3432 1 8 7 2 0 0 0 0  999988858779974768663658457826599734
3438 1 8 7 3 0 0 0 0  999988858779974768663648547855699732
3440 1 8 7 3 1 0 0 0  999988858779974768663658557844699732
3444 1 8 7 4 0 0 0 0  999988848779973768666658537844599725
3673 1 9 3 0 0 1 0 0  999988857779987688764628556354799634
3715 1 9 4 1 0 1 0 0  999988857779984688766628556354799734
3758 1 9 5 2 1 0 0 0  999988857779984688773678636644599552
4213 1 10 7 0 0 1 0 0  999988888779975768655628647354699734
4231 1 10 7 3 0 1 0 0  999988888779975768664628557354699734
4480 1 11 3 2 2 0 0 0  999985478889988778774666372566599354
5957 1 15 0 2 2 1 0 0  999988857769966378365487657844299785
5976 1 15 1 0 0 0 0 0  999988867779966658765484355834299787
6143 1 15 5 3 2 1 0 0  999988847779954668776386576853299584
6213 1 15 7 3 1 1 0 0  999988847779955668764386737856299584
6356 1 16 0 3 1 0 0 0  999988857759984678663687447855699732
6410 1 16 2 0 1 0 0 0  999988857779984668744586736855799632
6420 1 16 2 2 0 0 0 0  999988857779984668763486762854799553
6422 1 16 2 2 1 0 0 0  999988847779983668763586765852799445
6428 1 16 2 3 1 0 0 0  999988857779984668763586736855799442
6596 1 16 7 1 1 0 0 0  999988857779984668763586737855699442
6601 1 16 7 2 0 1 0 0  999988857779984668764286767855399534
6625 1 16 8 0 0 1 0 0  999988857779987668755286746854399634
6673 1 16 9 2 0 1 0 0  999988857629987778774686556864399534
6749 1 17 0 2 2 1 0 0  999988887769966378465387657825499745
6935 1 17 5 3 2 1 0 0  999988887779954668776286576854399534
7673 1 19 4 0 2 1 0 0  999988887779984668724538636555799746
8581 1 21 7 2 0 1 0 0  999977758629978888884676556764399534
