0 0 0 0 0 0 0 0 0  999998858778994766879864847655753632
127 1 0 3 3 0 1 0 0  999998848728997777879866866554533645
163 1 0 4 3 0 1 0 0  999998848778997727879866866554533645
230 1 0 6 2 1 0 0 0  999998858768994777879867836644563552
844 1 2 1 2 2 0 0 0  999998888885994777839667625636455747
2032 1 5 1 2 2 0 0 0  999998888777994765879668635683545724
2082 1 5 2 5 0 0 0 0  999998888777994756879568536783662445
2190 1 5 5 5 0 0 0 0  999998888777994756859568736783662445
2250 1 5 7 3 0 0 0 0  999998888777994766869658535783672445
2425 1 6 1 2 0 1 0 0  999998888777994726879866866554533745
2431 1 6 1 3 0 1 0 0  999998888777994726879866865654533745
2467 1 6 2 3 0 1 0 0  999998888777994726879866865754533645
2822 1 7 1 2 1 0 0 0  999998848888993777859667635626455747
2824 1 7 1 2 2 0 0 0  999998858888995777839667654646435727
2826 1 7 1 3 0 0 0 0  999998858888994777839667625635456747
2828 1 7 1 3 1 0 0 0  999998838888993777859667625655446747
2898 1 7 3 3 0 0 0 0  999998858888994777879667625645536374
3270 1 8 2 5 0 0 0 0  999998888777994756879565836783662454
3438 1 8 7 3 0 0 0 0  999998888777994766869655835783672454
3713 1 9 4 0 2 1 0 0  999998887773998687869634856425775645
3719 1 9 4 1 2 1 0 0  999998887772998687869663845555774634
3745 1 9 5 0 0 1 0 0  999998887776998287879667845654533645
3996 1 10 1 0 0 0 0 0  999998758888994777849667835625563764
4014 1 10 1 3 0 0 0 0  999998748888993777859667865653465742
4141 1 10 5 0 0 1 0 0  999998668888996777839567875274564543
4832 1 12 2 1 1 0 0 0  999998568888994777849667635276553874
4834 1 12 2 1 2 0 0 0  999998568888993777859667634476254875
4899 1 12 4 0 1 1 0 0  999998748888994777829663735655564867
4900 1 12 4 0 2 0 0 0  999998758888995777829663754645364867
4914 1 12 4 3 0 0 0 0  999998758888994777839666725465536847
4915 1 12 4 3 0 1 0 0  999998758888994777839666745265536847
5202 1 13 1 3 0 0 0 0  999998758888994777889667635645526734
5545 1 14 0 0 0 1 0 0  999997758886998728889667557674354634
5749 1 14 5 4 0 1 0 0  999997778885998668889267665754374534
5755 1 14 5 5 0 1 0 0  999997778885998628889667665754374534
5887 1 14 9 3 0 1 0 0  999996668885998778889277775654364534
5923 1 14 10 3 0 1 0 0  999996668885998728889777775654364534
5999 1 15 1 3 2 1 0 0  999998887774995667869368354685784752
6035 1 15 2 3 2 1 0 0  999998887774995667869268754685784353
6073 1 15 3 4 0 1 0 0  999998887777994626879658665584383754
6139 1 15 5 3 0 1 0 0  999998887776994667879268675584385534
6181 1 15 6 4 0 1 0 0  999998887775997667879268665584384534
6187 1 15 6 5 0 1 0 0  999998887775997627879668665584384534
6289 1 15 9 4 0 1 0 0  999998887777997626879658665584384534
6313 1 15 10 2 0 1 0 0  999998886765996726869778775584384534
6493 1 16 4 2 0 1 0 0  999998887772998667869568565384774534
6511 1 16 4 5 0 1 0 0  999998887772998657859668665384774534
6553 1 16 6 0 0 1 0 0  999998887777998665859268775684364534
6859 1 17 3 3 0 1 0 0  999996668888994727889757785654367534
7039 1 17 8 3 0 1 0 0  999996668888994727889757785657364534
7333 1 18 5 4 0 1 0 0  999997778888998626889657665754374534
7471 1 18 9 3 0 1 0 0  999996668888998727889757775654364534
8521 1 21 5 4 0 1 0 0  999997778626998888889657665754374534
8659 1 21 9 3 0 1 0 0  999996668727998888889757775654364534
8905 1 22 5 2 0 1 0 0  999997776865996826769888885754374534
