0 0 0 0 0 0 0 0 0  999988778279987768694868796553544635
1 1 0 0 0 0 1 0 0  999988778279987768694868796554533645
52 1 0 1 2 2 0 0 0  999988548779987768793868596653762445
107 1 0 2 5 2 1 0 0  999988658779987738795848697365464652
269 1 0 7 2 2 1 0 0  999988578779987768696828597354654634
275 1 0 7 3 2 1 0 0  999988578779987768696828597364654534
281 1 0 7 4 2 1 0 0  999988578779987768394828597666654534
287 1 0 7 5 2 1 0 0  999988578779987728694838597654653664
323 1 0 8 5 2 1 0 0  999988658739985778797848697365464652
828 1 2 1 0 0 0 0 0  999988858889974778793676496525576634
846 1 2 1 3 0 0 0 0  999988858889974778793676696545573264
1208 1 3 0 3 1 0 0 0  999988858789974768793668697573644552
1368 1 3 5 0 0 0 0 0  999988848789977768693768596553474652
1844 1 4 7 1 1 0 0 0  999988858779974788693668697644555732
2000 1 5 0 3 1 0 0 0  999988858779954768793686697853672445
2002 1 5 0 3 2 0 0 0  999988858779945768795686697835672443
2030 1 5 1 2 1 0 0 0  999988858779974768793686696853752445
2032 1 5 1 2 2 0 0 0  999988858779975768795686696845744332
2072 1 5 2 3 1 0 0 0  999988858779974768793686697853652445
2074 1 5 2 3 2 0 0 0  999988858779975768795686697845644332
2162 1 5 5 0 1 0 0 0  999988858779974768693687697853652445
2164 1 5 5 0 2 0 0 0  999988858779975768695687697845644332
2182 1 5 5 3 2 0 0 0  999988848779973768696687597853652445
2190 1 5 5 5 0 0 0 0  999988848779973758593587697862464656
2252 1 5 7 3 1 0 0 0  999988848779973768696685597853644725
2426 1 6 1 2 1 0 0 0  999988858779974768793868596653762445
2428 1 6 1 2 2 0 0 0  999988858779975768795868496635762443
2434 1 6 1 3 2 0 0 0  999988848779973768796868596653752445
2636 1 6 7 1 1 0 0 0  999988848779973768696858697464553752
2663 1 6 7 5 2 1 0 0  999988868779976728596838497546536754
3188 1 8 0 3 1 0 0 0  999988858779954768793668697853672445
3190 1 8 0 3 2 0 0 0  999988858779945768795668697835672443
3260 1 8 2 3 1 0 0 0  999988858779974768793668697853652445
3262 1 8 2 3 2 0 0 0  999988858779975768795668697845644332
3422 1 8 7 0 1 0 0 0  999988858779974768693658697844655732
3590 1 9 0 4 1 0 0 0  999988847769983588793768596676752445
3595 1 9 0 5 0 1 0 0  999988867729986388796758395576746454
3650 1 9 2 2 1 0 0 0  999988857779984688793678696644555732
3660 1 9 2 4 0 0 0 0  999988857779984688793678596663455742
3662 1 9 2 4 1 0 0 0  999988857779984688793678496663555724
3677 1 9 3 0 2 1 0 0  999988867779987688796628596354754534
3722 1 9 4 2 1 0 0 0  999988857779984688793668495663755724
3744 1 9 5 0 0 0 0 0  999988847779983288797678696544556635
3745 1 9 5 0 0 1 0 0  999988857779983288797678696545546634
3955 1 9 10 5 0 1 0 0  999988865579986288596758497777346364
3957 1 9 10 5 1 1 0 0  999988865279986588596758497777346364
3961 1 10 0 0 0 1 0 0  999988888779966748796628697544575335
4271 1 10 8 3 2 1 0 0  999988888779977768696628597354654534
5400 1 13 7 0 0 0 0 0  999988888779974768693685697553644725
5826 1 14 7 5 0 0 0 0  999988887779955428794486798657635663
5827 1 14 7 5 0 1 0 0  999988887779955448794286798657635663
5957 1 15 0 2 2 1 0 0  999988857769966378395487697844265785
5975 1 15 0 5 2 1 0 0  999988857749965378395487697864265786
6038 1 15 2 4 1 0 0 0  999988847779953268796685796863744585
6040 1 15 2 4 2 0 0 0  999988857779935468796684796865735482
6235 1 15 8 1 0 1 0 0  999988847779974668697387695853564285
6287 1 15 9 3 2 1 0 0  999988847779977668796286596854353584
6408 1 16 2 0 0 0 0 0  999988857779984668793486796854755632
6410 1 16 2 0 1 0 0 0  999988857779984668793586796855744632
6488 1 16 4 1 1 0 0 0  999988847779983668796585695845763724
6517 1 16 5 0 0 1 0 0  999988857779984668797286796855354634
6523 1 16 5 1 0 1 0 0  999988857779984628797686796855364534
6535 1 16 5 3 0 1 0 0  999988857779984628797686796855354634
6625 1 16 8 0 0 1 0 0  999988857779987668794286796855354634
6661 1 16 9 0 0 1 0 0  999988857669984778797286796855354634
6749 1 17 0 2 2 1 0 0  999988887769966378495387697825465745
6809 1 17 2 0 2 1 0 0  999988887779966428796484796865735355
7079 1 17 9 3 2 1 0 0  999988887779977668796286596854354534
7439 1 18 8 3 2 1 0 0  999977778889988668896276596754354534
7615 1 19 2 3 0 1 0 0  999988887779984668796278696554533745
7705 1 19 5 0 0 1 0 0  999988887779984668797278696554533645
7723 1 19 5 3 0 1 0 0  999988887779984628797678696554533645
7783 1 19 7 1 0 1 0 0  999988887779984668796278695574365534
7813 1 19 8 0 0 1 0 0  999988887779987668794278696554533645
7829 1 19 8 2 2 1 0 0  999988887779987668796278596654354534
7841 1 19 8 4 2 1 0 0  999988887779987268796678596654354534
7849 1 19 9 0 0 1 0 0  999988887669984778797278696554533645
7865 1 19 9 2 2 1 0 0  999988887669986778797278596654354534
7877 1 19 9 4 2 1 0 0  999988887269986778797678596654354534
7915 1 19 10 5 0 1 0 0  999988885579986278596758497776346364
7917 1 19 10 5 1 1 0 0  999988885279986578596758497776346364
7937 1 20 0 2 2 1 0 0  999977548889988268797778596654366534
7955 1 20 0 5 2 1 0 0  999977548889988268797778596666354534
8101 1 20 5 0 0 1 0 0  999977758889988668794278697655364534
8179 1 20 7 1 0 1 0 0  999977748889988668796278695574365534
8209 1 20 8 0 0 1 0 0  999977778889988668794278696554533645
8225 1 20 8 2 2 1 0 0  999977778889988668796278596654354534
8237 1 20 8 4 2 1 0 0  999977778889988268796678596654354534
8627 1 21 8 3 2 1 0 0  999977778669986888898276596754354534
8995 1 22 7 5 0 1 0 0  999977765589976287596857498888346364
8997 1 22 7 5 1 1 0 0  999977765289976587596857498888346364
