0 0 0 0 0 0 0 0 0  999988776789876878627553864654995394
84 1 0 2 2 0 0 0 0  999988647789873878666575834765994592
89 1 0 2 2 2 1 0 0  999988657789875878666473854764995392
206 1 0 5 4 1 0 0 0  999988547789873878744675866663992595
208 1 0 5 4 2 0 0 0  999988457789875878735674866665992493
276 1 0 7 4 0 0 0 0  999988757789874878545675866663993294
282 1 0 7 5 0 0 0 0  999988757789874878545675836666993294
546 1 1 4 1 0 0 0 0  999988858879773778547866636446992595
548 1 1 4 1 1 0 0 0  999988858879773778457866636446992595
550 1 1 4 1 2 0 0 0  999988858879775778447866656436995392
580 1 1 5 0 2 0 0 0  999988848879773678653867527644996595
596 1 1 5 3 1 0 0 0  999988858879774678663867537644992595
598 1 1 5 3 2 0 0 0  999988858879775678665867457644992393
606 1 1 5 5 0 0 0 0  999988848879773578563847657562994696
611 1 1 5 5 2 1 0 0  999988858879775478365847647365992696
656 1 1 7 1 1 0 0 0  999988858879773678663867446555992497
662 1 1 7 2 1 0 0 0  999988848879773678663867564555994297
664 1 1 7 2 2 0 0 0  999988858879775678665867364435994297
668 1 1 7 3 1 0 0 0  999988848879773678663867445655992597
732 1 1 9 2 0 0 0 0  999988858869664778777875456536992394
794 1 2 0 0 1 0 0 0  999988858889774678763674746555993692
822 1 2 0 5 0 0 0 0  999988858889774578745675736666993294
869 1 2 2 0 2 1 0 0  999988858889777678765633756444995692
990 1 2 5 3 0 0 0 0  999988848889777668763567534675994592
1010 1 2 6 0 1 0 0 0  999988848889663778773676574555994296
1012 1 2 6 0 2 0 0 0  999988858889665778775676374435994296
1038 1 2 6 5 0 0 0 0  999988858889545778774675376666992394
1080 1 2 8 0 0 0 0 0  999988848889663778773576564567994295
1098 1 2 8 3 0 0 0 0  999988848889666778773576534567994295
1104 1 2 8 4 0 0 0 0  999988858889545778774676666537992394
1301 1 3 3 0 2 1 0 0  999988877779874868657826546353996594
1349 1 3 4 2 2 1 0 0  999988847779824868676855556363994797
1359 1 3 4 4 1 1 0 0  999988847779824858575866666353994797
1361 1 3 4 4 2 1 0 0  999988847779824858373866666555994797
1365 1 3 4 5 1 1 0 0  999988847779824868373855546666995797
1367 1 3 4 5 2 1 0 0  999988847779824868373855556666994797
1458 1 3 7 3 0 0 0 0  999988857779864868766875456573993294
1584 1 4 0 0 0 0 0 0  999988857769864888763746557653994792
1586 1 4 0 0 1 0 0 0  999988857769864888763756557644993792
1601 1 4 0 2 2 1 0 0  999988857769866888765733657444995792
1642 1 4 1 3 2 0 0 0  999988857779845888725666443365996797
1670 1 4 2 2 1 0 0 0  999988847779853888744676636556992795
1672 1 4 2 2 2 0 0 0  999988857779845888735676656446992793
1676 1 4 2 3 1 0 0 0  999988857779864888744676636555993792
1738 1 4 4 1 2 0 0 0  999988857779865888475666254463993797
1739 1 4 4 1 2 1 0 0  999988857779865888275666334464995797
1743 1 4 4 2 1 1 0 0  999988847779824888373566656554996797
1745 1 4 4 2 2 1 0 0  999988847779824888373566646555996797
1755 1 4 4 4 1 1 0 0  999988847779824888373666645556995797
1757 1 4 4 4 2 1 0 0  999988857779825888373666654446995797
1761 1 4 4 5 1 1 0 0  999988847779824888373666665554995797
1763 1 4 4 5 2 1 0 0  999988847779824888373666665555994797
1778 1 4 5 2 1 0 0 0  999988857779844888774676636256993595
1780 1 4 5 2 2 0 0 0  999988857779845888775676656446992393
1850 1 4 7 2 1 0 0 0  999988847779853888744676636576992595
1852 1 4 7 2 2 0 0 0  999988857779845888735676656476992493
1886 1 4 8 2 1 0 0 0  999988857779874888744676636256993595
1888 1 4 8 2 2 0 0 0  999988857779875888745676656446992393
1982 1 5 0 0 1 0 0 0  999988857769864588763786557644993792
1997 1 5 0 2 2 1 0 0  999988857769866388765783657444995792
2139 1 5 4 2 1 1 0 0  999988847779824688676683635554995797
2141 1 5 4 2 2 1 0 0  999988847779824688676683635555994797
2147 1 5 4 3 2 1 0 0  999988847779824688676583635655994797
2151 1 5 4 4 1 1 0 0  999988847779833688276686645554995797
2153 1 5 4 4 2 1 0 0  999988847779833688276686645555994797
2157 1 5 4 5 1 1 0 0  999988847779824688373686665554995797
2159 1 5 4 5 2 1 0 0  999988847779824688373686665555994797
2298 1 5 8 5 0 0 0 0  999988857779874588745685376666992394
2412 1 6 1 0 0 0 0 0  999988857789874878663566457563997294
2431 1 6 1 3 0 1 0 0  999988847789874878666536537564997295
2436 1 6 1 4 0 0 0 0  999988857789874878545666627536997394
2448 1 6 2 0 0 0 0 0  999988847789873878663576564765994592
2460 1 6 2 2 0 0 0 0  999988847789873878666575634765994592
2465 1 6 2 2 2 1 0 0  999988857789875878666473654764995392
2466 1 6 2 3 0 0 0 0  999988847789873878666576534765994592
2484 1 6 3 0 0 0 0 0  999988857789877878664566457563993294
2508 1 6 3 4 0 0 0 0  999988857789877878545666647536992394
2520 1 6 4 0 0 0 0 0  999988857789874878663466557764993592
2522 1 6 4 0 1 0 0 0  999988857789874878663566557763992494
2570 1 6 5 2 1 0 0 0  999988857789874878744676636256993595
2572 1 6 5 2 2 0 0 0  999988857789875878745676656446992393
2630 1 6 7 0 1 0 0 0  999988847789873878663576564565994792
2993 1 7 6 0 2 1 0 0  999988888879777678654762543653996594
3185 1 8 0 2 2 1 0 0  999988857769866388765738657444995792
3345 1 8 4 5 1 1 0 0  999988847779824688373668665554995797
3347 1 8 4 5 2 1 0 0  999988847779824688373668665555994797
3362 1 8 5 2 1 0 0 0  999988857779854688773678636644992595
3364 1 8 5 2 2 0 0 0  999988857779845688775678656644992393
3458 1 8 8 0 1 0 0 0  999988857779874688763678446555993692
3570 1 9 0 1 0 0 0 0  999988847769866588753756837644992795
3611 1 9 1 1 2 1 0 0  999988857779825688766633856444995797
3615 1 9 1 2 1 1 0 0  999988847779824688766663835554995797
3617 1 9 1 2 2 1 0 0  999988847779824688766663835555994797
3719 1 9 4 1 2 1 0 0  999988857779825688676633856444995797
3723 1 9 4 2 1 1 0 0  999988847779824688676663835554995797
3725 1 9 4 2 2 1 0 0  999988847779824688676663835555994797
3731 1 9 4 3 2 1 0 0  999988847779824688676563835655994797
3735 1 9 4 4 1 1 0 0  999988847779833688276666845554995797
3737 1 9 4 4 2 1 0 0  999988847779833688276666845555994797
3741 1 9 4 5 1 1 0 0  999988847779824688373666865554995797
3743 1 9 4 5 2 1 0 0  999988847779824688373666865555994797
3749 1 9 5 0 2 1 0 0  999988867779866288775674853465993495
3758 1 9 5 2 1 0 0 0  999988857779854688773676836464992595
3785 1 9 6 0 2 1 0 0  999988857779875688767633856444995692
3854 1 9 8 0 1 0 0 0  999988857779874688763674846555993692
3882 1 9 8 5 0 0 0 0  999988857779874588745675836666993294
3893 1 9 9 0 2 1 0 0  999988857779877688765633856444995692
3971 1 10 0 1 2 1 0 0  999988887769866878254676543753997594
3989 1 10 0 4 2 1 0 0  999988887769854878254676663753997594
4131 1 10 4 4 1 1 0 0  999988887779824868373666645554995797
4133 1 10 4 4 2 1 0 0  999988887779824868373666645555994797
4139 1 10 4 5 2 1 0 0  999988887779824858373666665554994797
4358 1 11 0 0 1 0 0 0  999987758889884678763674746555993692
4386 1 11 0 5 0 0 0 0  999987758889884578745675736666993294
4433 1 11 2 0 2 1 0 0  999987778889885678765633756444995692
4554 1 11 5 3 0 0 0 0  999987778889884668763567534675994592
4574 1 11 6 0 1 0 0 0  999986648889883778773676574555994296
4576 1 11 6 0 2 0 0 0  999986658889885778775676374435994296
4602 1 11 6 5 0 0 0 0  999985458889885778774675376666992394
4644 1 11 8 0 0 0 0 0  999986648889883778773576564567994295
4662 1 11 8 3 0 0 0 0  999986668889884778773576534567994295
4668 1 11 8 4 0 0 0 0  999985458889885778774676666537992394
4998 1 12 6 5 0 0 0 0  999988888779775868545675376664992394
5394 1 13 6 5 0 0 0 0  999988888779775768545685376664992394
5448 1 13 8 2 0 0 0 0  999988888779775768664685457536992394
5454 1 13 8 3 0 0 0 0  999988888779775768664586457536992394
5549 1 14 0 0 2 1 0 0  999988887769654378654687638257994795
5558 1 14 0 2 1 0 0 0  999988887769646578553687448567993792
5567 1 14 0 3 2 1 0 0  999988887769664378654687538257994795
5575 1 14 0 5 0 1 0 0  999988887759564378564587638267994796
5658 1 14 3 1 0 0 0 0  999988887779765668673582658544993497
5854 1 14 8 3 2 0 0 0  999988887779725668675484678346995395
5957 1 15 0 2 2 1 0 0  999988857769866378365487657844995792
6053 1 15 3 0 2 1 0 0  999988877779874668257386546853994695
6091 1 15 4 1 0 1 0 0  999988857779864668674582655833994797
6101 1 15 4 2 2 1 0 0  999988847779833668674582665855994797
6107 1 15 4 3 2 1 0 0  999988857779835668675484646835992797
6113 1 15 4 4 2 1 0 0  999988847779824668676583635855994797
6119 1 15 4 5 2 1 0 0  999988847779824658373686665855994797
6258 1 15 8 5 0 0 0 0  999988857779874568745685376866992394
6336 1 16 0 0 0 0 0 0  999988857769863578465687567484993792
6341 1 16 0 0 2 1 0 0  999988857769865478464687367285995793
6342 1 16 0 1 0 0 0 0  999988847769866678553687447583992795
6354 1 16 0 3 0 0 0 0  999988847769866578563687457583992794
6359 1 16 0 3 2 1 0 0  999988857769866478365687447385995792
6360 1 16 0 4 0 0 0 0  999988847759853678666687447583992795
6367 1 16 0 5 0 1 0 0  999988867759856478256487467586993793
6381 1 16 1 1 1 1 0 0  999988867779824668764585565383994797
6399 1 16 1 4 1 1 0 0  999988847779824668766586555383994797
6405 1 16 1 5 1 1 0 0  999988847779824658755686665383994797
6451 1 16 3 1 0 1 0 0  999988877779874668627585645383994596
6495 1 16 4 2 1 1 0 0  999988847779833668674585665285994797
6497 1 16 4 2 2 1 0 0  999988847779833668674582665585994797
6499 1 16 4 3 0 1 0 0  999988857779833668674582656584994797
6501 1 16 4 3 1 1 0 0  999988857779824668674585656383994797
6502 1 16 4 3 2 0 0 0  999988857779825668675483656384994797
6503 1 16 4 3 2 1 0 0  999988857779825668675484646383995797
6507 1 16 4 4 1 1 0 0  999988847779824668676585655383994797
6509 1 16 4 4 2 1 0 0  999988847779824668676583635585994797
6513 1 16 4 5 1 1 0 0  999988847779824658575686665383994797
6515 1 16 4 5 2 1 0 0  999988847779824658373686665585994797
6552 1 16 6 0 0 0 0 0  999988857779874668747586256583993694
6570 1 16 6 3 0 0 0 0  999988857779874668767586456583993294
6642 1 16 8 3 0 0 0 0  999988857779873668763586576485992494
6654 1 16 8 5 0 0 0 0  999988857779874568745685376686992394
6678 1 16 9 3 0 0 0 0  999988857779877668764586456583993294
6714 1 16 10 3 0 0 0 0  999988857669864778777586456583993294
6891 1 17 4 2 1 1 0 0  999988887779824668674585665353994797
6893 1 17 4 2 2 1 0 0  999988887779833668674582665554994797
6897 1 17 4 3 1 1 0 0  999988887779824668674585656353994797
6899 1 17 4 3 2 1 0 0  999988887779824668674583636555994797
6905 1 17 4 4 2 1 0 0  999988887779824668676583635554994797
6911 1 17 4 5 2 1 0 0  999988887779824658373686665554994797
7050 1 17 8 5 0 0 0 0  999988887779875568745685376664992394
7176 1 18 1 2 0 0 0 0  999977758889883778548676636446992595
7178 1 18 1 2 1 0 0 0  999977758889883778458676636446992595
7180 1 18 1 2 2 0 0 0  999977758889885778448676656436995392
7284 1 18 4 2 0 0 0 0  999977758889884768668775456536992394
7326 1 18 5 3 0 0 0 0  999977758889884668768576457536992394
7380 1 18 7 0 0 0 0 0  999977758889884668748576256573993694
7398 1 18 7 3 0 0 0 0  999977758889884668768576456573993294
7571 1 19 1 1 2 1 0 0  999988887779824668764563835554996797
7583 1 19 1 3 2 1 0 0  999988887779824668764563835655994797
7589 1 19 1 4 2 1 0 0  999988887779824668766563835554994797
7679 1 19 4 1 2 1 0 0  999988887779824668674563835554996797
7683 1 19 4 2 1 1 0 0  999988887779824668674565865353994797
7685 1 19 4 2 2 1 0 0  999988887779833668674562865554994797
7689 1 19 4 3 1 1 0 0  999988887779824668674565855363994797
7691 1 19 4 3 2 1 0 0  999988887779824668674563835565994797
7697 1 19 4 4 2 1 0 0  999988887779824668676563835554994797
7703 1 19 4 5 2 1 0 0  999988887779824658373666865554994797
7842 1 19 8 5 0 0 0 0  999988887779875568745675846663993294
7946 1 20 0 4 1 0 0 0  999977448889885668774772586663993595
7948 1 20 0 4 2 0 0 0  999977458889885668775774486665992393
7958 1 20 1 0 1 0 0 0  999977748889883778663676584555994296
7960 1 20 1 0 2 0 0 0  999977758889885778665676384435994296
7986 1 20 1 5 0 0 0 0  999977758889884778545675386666992394
8022 1 20 2 5 0 0 0 0  999977758889884568745775386666992394
8058 1 20 3 5 0 0 0 0  999977778889885768545675386664992394
8076 1 20 4 2 0 0 0 0  999977758889883768663775486446992595
8078 1 20 4 2 1 0 0 0  999977758889883768663774586446992595
8080 1 20 4 2 2 0 0 0  999977758889885768665774486436995392
8094 1 20 4 5 0 0 0 0  999977758889884768545775386666992394
8104 1 20 5 0 2 0 0 0  999977758889885668735476487436995692
8118 1 20 5 3 0 0 0 0  999977758889883668763576487456992495
8120 1 20 5 3 1 0 0 0  999977758889883668763476587456992495
8122 1 20 5 3 2 0 0 0  999977758889885668765476487436995392
8130 1 20 5 5 0 0 0 0  999977758889884568745675387666992394
8158 1 20 6 3 2 0 0 0  999977778889885668625474687346995395
8190 1 20 7 3 0 0 0 0  999977758889883668763576586475992494
8202 1 20 7 5 0 0 0 0  999977758889884568745675386676992394
8238 1 20 8 5 0 0 0 0  999977778889885568745675386664992394
8286 1 20 10 1 0 0 0 0  999966658889884678545765387777992394
8298 1 20 10 3 0 0 0 0  999966658889884578645765387777992394
8472 1 21 4 2 0 0 0 0  999977758889888768664775456536992394
8514 1 21 5 3 0 0 0 0  999977758889888668764576457536992394
8586 1 21 7 3 0 0 0 0  999977758889888668764576456573993294
8868 1 22 4 2 0 0 0 0  999977758769664888888775456536992394
8910 1 22 5 3 0 0 0 0  999977758669764888888576457536992394
8982 1 22 7 3 0 0 0 0  999977758669764888888576456573993294
