0 0 0 0 0 0 0 0 0  999999998877664487676787645853583285
1 1 0 0 0 0 1 0 0  999999998877664387676787635854584285
19 1 0 0 3 0 1 0 0  999999998877666387674787635854584285
201 1 0 5 3 1 1 0 0  999999998877755687664782563874683584
289 1 0 8 0 0 1 0 0  999999998877775687655782643864683584
401 1 1 0 0 2 1 0 0  999999998887766258776776645554833848
482 1 1 2 2 1 0 0 0  999999998887773668763776465552844858
552 1 1 4 2 0 0 0 0  999999998887774768663775536256844858
594 1 1 5 3 0 0 0 0  999999998887775668763576457526844838
666 1 1 7 3 0 0 0 0  999999998887774668763576536475852848
671 1 1 7 3 2 1 0 0  999999998887775668765476356474835828
1026 1 2 6 3 0 0 0 0  999999998887777668655472647456835883
1027 1 2 6 3 0 1 0 0  999999998887777668655474647256835883
1049 1 2 7 0 2 1 0 0  999999998887775668735472656474835886
1062 1 2 7 3 0 0 0 0  999999998887774668763576536572844885
1087 1 2 8 1 0 1 0 0  999999998887777668763572564544856883
1445 1 3 7 0 2 1 0 0  999999998887775668725478656474385638
2593 1 6 6 0 0 1 0 0  999999998887777668554378647653584286
2633 1 6 7 0 2 1 0 0  999999998887775668735478656474285683
3024 1 7 7 0 0 0 0 0  999999998888777665875467245647363858
3025 1 7 7 0 0 1 0 0  999999998888777665875467445627363858
3330 1 8 4 3 0 0 0 0  999999998887775768664778826545538364
3353 1 8 5 0 2 1 0 0  999999998887776668754278867654358534
3533 1 8 10 0 2 1 0 0  999999998886654278654768867777358534
3745 1 9 5 0 0 1 0 0  999999998887775668755278647684368534
3887 1 9 8 5 2 1 0 0  999999998887777268754678546686358534
3960 1 10 0 0 0 0 0 0  999999998888775667874767835645563284
4482 1 11 3 3 0 0 0 0  999999998888875777783666735465546428
4500 1 11 4 0 0 0 0 0  999999998888866777286657654435534778
4518 1 11 4 3 0 0 0 0  999999998888855777385667624654346778
5749 1 14 5 4 0 1 0 0  999999998888777626888657665754374534
5887 1 14 9 3 0 1 0 0  999999998888666727888757775654364534
6193 1 15 7 0 0 1 0 0  999999998887775668874276886755354634
6619 1 16 7 5 0 1 0 0  999999998887776558876275865748346364
6621 1 16 7 5 1 1 0 0  999999998887776528876575865748346364
6925 1 17 5 2 0 1 0 0  999999998888777665886267685754374534
8028 1 20 3 0 0 0 0 0  999999998888875777783664785645563462
