0 0 0 0 0 0 0 0 0  999887766798876889767554843965534929
7 1 0 0 1 0 1 0 0  999887752798874889767666845965533949
35 1 0 0 5 2 1 0 0  999887753798875889737462856944666959
215 1 0 5 5 2 1 0 0  999887773398875889725467856944666959
493 1 1 2 4 0 1 0 0  999888558897775289754776846933666949
583 1 1 5 1 0 1 0 0  999888558897775689766276847954633949
642 1 1 6 5 0 0 0 0  999888368897777589536574867926446959
1223 1 3 0 5 2 1 0 0  999888777298574889534765876934666959
1310 1 3 3 2 1 0 0 0  999888477798773889447666835966552959
1345 1 3 4 2 0 1 0 0  999888757798724889575666843973566949
1351 1 3 4 3 0 1 0 0  999888757798724889575666843976563949
1357 1 3 4 4 0 1 0 0  999888757798724889575666863974563949
1363 1 3 4 5 0 1 0 0  999888757798724889575365846973666949
1384 1 3 5 2 2 0 0 0  999888357798735889477766866925464959
1392 1 3 5 4 0 0 0 0  999888557798754889377763866944665929
1396 1 3 5 4 2 0 0 0  999888457798725889377763866944665959
1402 1 3 5 5 2 0 0 0  999888457798725889377763856944666959
1462 1 3 7 3 2 0 0 0  999888457798735889675766866935744929
1474 1 3 7 5 2 0 0 0  999888567798756889376744864956752939
1562 1 3 10 2 1 0 0 0  999888376698637889447665875927557949
1568 1 3 10 3 1 0 0 0  999888476698627889567653874947557939
1570 1 3 10 3 2 0 0 0  999888376698637889567645874947527959
1584 1 4 0 0 0 0 0 0  999888772798676889787566354956435949
1586 1 4 0 0 1 0 0 0  999888772798676889787566555946443939
1587 1 4 0 0 1 1 0 0  999888772798676889787566554936434959
1588 1 4 0 0 2 0 0 0  999888772798676889787466345936555949
1589 1 4 0 0 2 1 0 0  999888772798676889787356645936554949
1608 1 4 0 4 0 0 0 0  999888772798575889787666654936534949
1609 1 4 0 4 0 1 0 0  999888772798574889787666645956533949
1614 1 4 0 5 0 0 0 0  999888772798575889787666664935534949
1615 1 4 0 5 0 1 0 0  999888774798474889787666665925353959
1858 1 4 7 3 2 0 0 0  999888457798735889687766656935744929
1866 1 4 7 5 0 0 0 0  999888647798763889587755634964765929
2010 1 5 0 5 0 0 0 0  999888772798575689787866664935534949
2011 1 5 0 5 0 1 0 0  999888774798474689787866665925353959
2032 1 5 1 2 2 0 0 0  999888777798735689487866356925464959
2064 1 5 2 2 0 0 0 0  999888577798755689287876653944643969
2104 1 5 3 2 2 0 0 0  999888377798775689487866356925464959
2131 1 5 4 1 0 1 0 0  999888577798755689687862654937434969
2190 1 5 5 5 0 0 0 0  999888567798576289787875564936436949
2191 1 5 5 5 0 1 0 0  999888567798376489787874465956526939
2264 1 5 7 5 1 0 0 0  999888467798726589387855764946756939
2385 1 6 0 1 1 1 0 0  999888772798587889776666345936554949
2387 1 6 0 1 2 1 0 0  999888773798387889775646656925446959
2391 1 6 0 2 1 1 0 0  999888772798587889774666335966554949
2456 1 6 2 1 1 0 0 0  999888747798783889474766636956555929
2468 1 6 2 3 1 0 0 0  999888757798784889673766636944555929
2539 1 6 4 3 0 1 0 0  999888757798784889575666243976563949
2546 1 6 4 4 1 0 0 0  999888747798783889474666635976552959
2632 1 6 7 0 2 0 0 0  999888667798786889375763654945724959
2648 1 6 7 3 1 0 0 0  999888557798785889675766636944743929
2802 1 7 0 5 0 0 0 0  999888868897756289776775564936534949
2803 1 7 0 5 0 1 0 0  999888868897756289776775564936434959
2814 1 7 1 1 0 0 0 0  999888848897773789557676636944256959
2822 1 7 1 2 1 0 0 0  999888848897773789457676636926555949
2846 1 7 2 0 1 0 0 0  999888858897774689763776445963655929
2857 1 7 2 2 0 1 0 0  999888858897774689766775253964563949
2918 1 7 4 0 1 0 0 0  999888848897773789663776565962455949
2920 1 7 4 0 2 0 0 0  999888858897775789665776264965433949
2952 1 7 5 0 0 0 0 0  999888848897773689763675527956464959
2954 1 7 5 0 1 0 0 0  999888848897773689763675557956464929
2958 1 7 5 1 0 0 0 0  999888858897773689766576457953644929
2970 1 7 5 3 0 0 0 0  999888848897773689766675537952464959
3025 1 7 7 0 0 1 0 0  999888858897774689764675253976563949
3043 1 7 7 3 0 1 0 0  999888858897774689766675253974563949
3050 1 7 7 4 1 0 0 0  999888848897773689756676635972455949
3052 1 7 7 4 2 0 0 0  999888858897775689726676654975433949
3098 1 7 9 0 1 0 0 0  999888848896644789657777736963555929
3104 1 7 9 1 1 0 0 0  999888848896663789457777736926555949
3108 1 7 9 2 0 0 0 0  999888848896663789557777736944256959
3126 1 7 9 5 0 0 0 0  999888848896553789257777736944666959
3144 1 7 10 2 0 0 0 0  999888848896663789553777776944256959
3198 1 8 0 5 0 0 0 0  999888772798575689787686664935534949
3199 1 8 0 5 0 1 0 0  999888774798474689787686665925353959
3252 1 8 2 2 0 0 0 0  999888577798755689287786653944643969
3378 1 8 5 5 0 0 0 0  999888567798576289787785564936436949
3379 1 8 5 5 0 1 0 0  999888567798376489787784465956526939
3426 1 8 7 1 0 0 0 0  999888567798755689287786653944743969
3594 1 9 0 5 0 0 0 0  999888772798575689787668664935534949
3595 1 9 0 5 0 1 0 0  999888774798474689787668665925353959
3667 1 9 2 5 0 1 0 0  999888577798755489387768446925666939
3709 1 9 4 0 0 1 0 0  999888377798766689287548655937446959
3713 1 9 4 0 2 1 0 0  999888477798766689287358635947545969
3775 1 9 5 5 0 1 0 0  999888557798375489787768446952666939
3805 1 9 6 4 0 1 0 0  999888557798775289684778546933666949
3838 1 9 7 3 2 0 0 0  999888457798735689687768656935744929
3962 1 10 0 0 1 0 0 0  999888857798664889763766445973755929
4062 1 10 2 5 0 0 0 0  999888867798736889476755365926474959
4117 1 10 4 2 0 1 0 0  999888857798724889575636646976573949
4123 1 10 4 3 0 1 0 0  999888857798724889575665643976673949
4129 1 10 4 4 0 1 0 0  999888857798724889575666643976573949
4135 1 10 4 5 0 1 0 0  999888857798724889575666663974573949
4178 1 10 6 0 1 0 0 0  999888847798773889663776565962455949
4180 1 10 6 0 2 0 0 0  999888857798775889665776264965433949
4216 1 10 7 0 2 0 0 0  999888867798766889375763654945724959
4232 1 10 7 3 1 0 0 0  999888857798755889675766636944743929
4256 1 10 8 1 1 0 0 0  999888847798773889457766636926555949
4260 1 10 8 2 0 0 0 0  999888847798773889557766636944256959
4728 1 11 10 2 0 0 0 0  999888888796664789553777736944256959
4754 1 12 0 0 1 0 0 0  999888858797664889763766445973755929
4808 1 12 1 3 1 0 0 0  999888858797744889674766636973555929
4872 1 12 3 2 0 0 0 0  999888858797773889666756455927644939
4970 1 12 6 0 1 0 0 0  999888848797773889663766575962455949
4972 1 12 6 0 2 0 0 0  999888858797775889665766274965433949
4990 1 12 6 3 2 0 0 0  999888848797773889666756275963455949
4992 1 12 6 4 0 0 0 0  999888848797773889553765676944656929
4998 1 12 6 5 0 0 0 0  999888848797773889553762576944666959
5014 1 12 7 1 2 0 0 0  999888858797735889735766646926475949
5032 1 12 7 4 2 0 0 0  999888858797745889725766666944375939
5034 1 12 7 5 0 0 0 0  999888868797756889736754565936474929
5036 1 12 7 5 1 0 0 0  999888868797736889736755564946475929
5064 1 12 8 4 0 0 0 0  999888848797773889553766666944257959
5124 1 12 10 2 0 0 0 0  999888848796663889553777776944256959
5150 1 13 0 0 1 0 0 0  999888858797664789763866447973555929
5204 1 13 1 3 1 0 0 0  999888858797744789674866636973555929
5250 1 13 2 5 0 0 0 0  999888868797736789476855367926454959
5264 1 13 3 1 1 0 0 0  999888848797773789457866636926555949
5268 1 13 3 2 0 0 0 0  999888848797773789557866636944256959
5366 1 13 6 0 1 0 0 0  999888848797773789663866575962455949
5368 1 13 6 0 2 0 0 0  999888858797775789665866274965433949
5386 1 13 6 3 2 0 0 0  999888848797773789666856275963455949
5388 1 13 6 4 0 0 0 0  999888848797773789553865676944656929
5394 1 13 6 5 0 0 0 0  999888848797773789553862576944666959
5438 1 13 8 0 1 0 0 0  999888858797774789663866447963555929
5448 1 13 8 2 0 0 0 0  999888858797773789666856457944653929
5520 1 13 10 2 0 0 0 0  999888848796663789553877776944256959
5544 1 14 0 0 0 0 0 0  999888857796655389764876537928464979
5545 1 14 0 0 0 1 0 0  999888857796655489762876447958363979
5639 1 14 2 3 2 1 0 0  999888847797666389764856735928554979
5728 1 14 5 0 2 0 0 0  999888847797663689773856275968455949
5734 1 14 5 1 2 0 0 0  999888847797666689772856375938455949
5776 1 14 6 2 2 0 0 0  999888857797735689477866356928464959
5800 1 14 7 0 2 0 0 0  999888857797665289765866757948443939
5801 1 14 7 0 2 1 0 0  999888857797665389765866737928444959
5819 1 14 7 3 2 1 0 0  999888847797666389764856737928555949
5827 1 14 7 5 0 1 0 0  999888867797556389736845767958446929
5945 1 15 0 0 2 1 0 0  999888776798675689737842654935684959
5975 1 15 0 5 2 1 0 0  999888774698775789447866663935285959
5999 1 15 1 3 2 1 0 0  999888777798735689676842654935684959
6035 1 15 2 3 2 1 0 0  999888757798725689676873654944685939
6041 1 15 2 4 2 1 0 0  999888757798725689375876664944685939
6043 1 15 2 5 0 1 0 0  999888767798736589576872564936484959
6045 1 15 2 5 1 1 0 0  999888767798736589276875564936484959
6097 1 15 4 2 0 1 0 0  999888757798724689676865653974583949
6115 1 15 4 5 0 1 0 0  999888757798724689575866663974583949
6135 1 15 5 2 1 1 0 0  999888547798733689277876645955684969
6170 1 15 6 2 1 0 0 0  999888447798774689663872575955683969
6201 1 15 7 1 1 1 0 0  999888647798724689676873635955584979
6202 1 15 7 1 2 0 0 0  999888657798725689676873654945384979
6213 1 15 7 3 1 1 0 0  999888547798724689676873635955684979
6219 1 15 7 4 1 1 0 0  999888547798724689373876665955684979
6372 1 16 1 0 0 0 0 0  999888777798766589576862653944543989
6374 1 16 1 0 1 0 0 0  999888777798766589276865653944543989
6470 1 16 3 4 1 0 0 0  999888377798774689267866365955544989
6472 1 16 3 4 2 0 0 0  999888377798774689267866365944555989
6495 1 16 4 2 1 1 0 0  999888747798724689676863635975554989
6497 1 16 4 2 2 1 0 0  999888747798724689676863635974555989
6503 1 16 4 3 2 1 0 0  999888747798724689676853635974655989
6507 1 16 4 4 1 1 0 0  999888747798733689276866645975554989
6509 1 16 4 4 2 1 0 0  999888747798733689276866645974555989
6513 1 16 4 5 1 1 0 0  999888747798724689373866665975554989
6515 1 16 4 5 2 1 0 0  999888747798724689373866665974555989
6519 1 16 5 0 1 1 0 0  999888667798756689277873635955444989
6521 1 16 5 0 2 1 0 0  999888657798735689677872654935644989
6522 1 16 5 1 0 0 0 0  999888557798754689677872664935634989
6523 1 16 5 1 0 1 0 0  999888547798734689677872665954635989
6528 1 16 5 2 0 0 0 0  999888557798754289677876664935634989
6529 1 16 5 2 0 1 0 0  999888547798734289677876665954635989
6540 1 16 5 4 0 0 0 0  999888557798754689277876664935634989
6541 1 16 5 4 0 1 0 0  999888547798734689277876665954635989
6555 1 16 6 0 1 1 0 0  999888667798776689363872575955444989
6557 1 16 6 0 2 1 0 0  999888667798776489662874475933555989
6564 1 16 6 2 0 0 0 0  999888557798775289666876573944643989
6570 1 16 6 3 0 0 0 0  999888557798775689656872673944643989
6576 1 16 6 4 0 0 0 0  999888557798775689666872573944643989
6591 1 16 7 0 1 1 0 0  999888667798756689373842675955744989
6593 1 16 7 0 2 1 0 0  999888667798726489474856675933755989
6600 1 16 7 2 0 0 0 0  999888557798754689676862674935734989
6601 1 16 7 2 0 1 0 0  999888547798734689676862675954735989
6612 1 16 7 4 0 0 0 0  999888557798754689276866674935734989
6613 1 16 7 4 0 1 0 0  999888547798734689276866675954735989
6642 1 16 8 3 0 0 0 0  999888557798775689667872563944643989
6648 1 16 8 4 0 0 0 0  999888557798775689257876663944643989
6678 1 16 9 3 0 0 0 0  999888557798777689665872563944643989
6714 1 16 10 3 0 0 0 0  999888556798665789256877773944643989
6889 1 17 4 2 0 1 0 0  999888857798724689676865653974573949
6907 1 17 4 5 0 1 0 0  999888857798724689575866663974573949
6960 1 17 6 2 0 0 0 0  999888857798773689663874475945652969
6961 1 17 6 2 0 1 0 0  999888857798774689664873375925654969
7129 1 18 0 0 0 1 0 0  999888887796655489765876447952363979
7151 1 18 0 3 2 1 0 0  999888887796664389754876537954256979
7159 1 18 0 5 0 1 0 0  999888887795564389764875637964265979
7223 1 18 2 3 2 1 0 0  999888887797666289764856745933554979
7312 1 18 5 0 2 0 0 0  999888887797664689773856275963455949
7360 1 18 6 2 2 0 0 0  999888887797735689477866356925464959
7384 1 18 7 0 2 0 0 0  999888887797665289765866757945443939
7385 1 18 7 0 2 1 0 0  999888887797665289765866757933444959
7403 1 18 7 3 2 1 0 0  999888887797666289764856747933555949
7411 1 18 7 5 0 1 0 0  999888887797556389736845767956446929
7416 1 18 8 0 0 0 0 0  999888887797766389476863675925454959
7417 1 18 8 0 0 1 0 0  999888887797766389376862674955454959
7571 1 19 1 1 2 1 0 0  999888857798725689676468447975365939
7586 1 19 1 4 1 0 0 0  999888857798744689674668637973555929
7606 1 19 2 1 2 0 0 0  999888857798745689676768256944375939
7699 1 19 4 5 0 1 0 0  999888857798724689575668663974573949
7742 1 19 6 0 1 0 0 0  999888857798774689644778635963655929
7758 1 19 6 3 0 0 0 0  999888857798774689663778564955624939
7786 1 19 7 1 2 0 0 0  999888857798745689676768356935744929
8015 1 20 2 3 2 1 0 0  999888887798735689676742654935674959
8079 1 20 4 2 1 1 0 0  999888887798724689676665553974573949
8080 1 20 4 2 2 0 0 0  999888887798725689676664453975375949
8087 1 20 4 3 2 1 0 0  999888887798724689676655553974673949
8095 1 20 4 5 0 1 0 0  999888887798725689575666643974573949
8116 1 20 5 2 2 0 0 0  999888887798735689477766356925464959
8176 1 20 7 0 2 0 0 0  999888887798766489476756645933755929
8177 1 20 7 0 2 1 0 0  999888887798766389376756645924755949
8322 1 21 0 1 0 0 0 0  999776668898888789255766544935734979
8323 1 21 0 1 0 1 0 0  999776668898888789353766554925744979
8605 1 21 8 0 0 1 0 0  999777758898888689655764446952337969
8610 1 21 8 1 0 0 0 0  999777748898888689663765536944257959
8715 1 22 0 0 1 1 0 0  999776642897676879764888885955533949
8717 1 22 0 0 2 1 0 0  999776642897676879764888885933555949
8729 1 22 0 2 2 1 0 0  999776663897675879735888884925644959
8733 1 22 0 3 1 1 0 0  999776662897674879764888885955533949
8735 1 22 0 3 2 1 0 0  999776662897674879764888885933555949
8742 1 22 0 5 0 0 0 0  999775562897576879756888884936436949
8743 1 22 0 5 0 1 0 0  999775563897576879736888884956446929
8832 1 22 3 2 0 0 0 0  999777747896663879553888886944256959
8982 1 22 7 3 0 0 0 0  999777556897665879256888883944643979
