0 0 0 0 0 0 0 0 0  999998858778999766874864847655753632
71 1 0 1 5 2 1 0 0  999998848368999777824857836666555747
72 1 0 2 0 0 0 0 0  999998868278999777866857856465534743
73 1 0 2 0 0 1 0 0  999998868278999777866857856465453743
77 1 0 2 0 2 1 0 0  999998868278999777866857846364555734
97 1 0 2 4 0 1 0 0  999998858278999777855867846666354734
103 1 0 2 5 0 1 0 0  999998858278999777855867846354666734
108 1 0 3 0 0 0 0 0  999998858668999777874867835645563274
181 1 0 5 0 0 1 0 0  999998868728999777866867845574365534
194 1 0 5 2 1 0 0 0  999998858768999777844867846673563552
200 1 0 5 3 1 0 0 0  999998858768999777844867846673555632
230 1 0 6 2 1 0 0 0  999998858768999777874867836644563552
236 1 0 6 3 1 0 0 0  999998858768999777874867836644555632
271 1 0 7 3 0 1 0 0  999998858728999777855866866754374634
290 1 0 8 0 1 0 0 0  999998858768999777874866836744555632
301 1 0 8 2 0 1 0 0  999998858728999777874866866755364534
307 1 0 8 3 0 1 0 0  999998858728999777874866866755354634
343 1 0 9 3 0 1 0 0  999998848728999777877866866554533645
1259 1 3 1 5 2 1 0 0  999998888385999777824657836666554747
2190 1 5 5 5 0 0 0 0  999998888777999756854568736783662445
2250 1 5 7 3 0 0 0 0  999998888777999766864658535783672445
2298 1 5 8 5 0 0 0 0  999998888756999777874568536783662445
2683 1 6 8 3 0 1 0 0  999998888726999777874866865754533645
2898 1 7 3 3 0 0 0 0  999998858888999777874667625645536374
3438 1 8 7 3 0 0 0 0  999998888777999766864655835783672454
3486 1 8 8 5 0 0 0 0  999998888756999777874565836783662454
4141 1 10 5 0 0 1 0 0  999998668888999777836567875274564543
4501 1 11 4 0 0 1 0 0  999997778758999886886767625346548534
5202 1 13 1 3 0 0 0 0  999998758888999777884667635645526734
5749 1 14 5 4 0 1 0 0  999997778888999626888657665754374534
5887 1 14 9 3 0 1 0 0  999996668888999727888757775654364534
5999 1 15 1 3 2 1 0 0  999998887774999667865368354685784752
6003 1 15 1 4 1 1 0 0  999998887772999667866568555384784734
6009 1 15 1 5 1 1 0 0  999998887772999657855668665384784734
6035 1 15 2 3 2 1 0 0  999998887774999667865268754685784353
6097 1 15 4 2 0 1 0 0  999998887772999667864568565384787534
6102 1 15 4 3 0 0 0 0  999998887772999667864568535683787445
6109 1 15 4 4 0 1 0 0  999998887772999667866568545384787534
6115 1 15 4 5 0 1 0 0  999998887772999657854668665384787534
6133 1 15 5 2 0 1 0 0  999998887775999667876268675584384534
6145 1 15 5 4 0 1 0 0  999998887775999627876668675584384534
6181 1 15 6 4 0 1 0 0  999998887777999626877658665584384534
6241 1 15 8 2 0 1 0 0  999998887777999665876268675584384534
6289 1 15 9 4 0 1 0 0  999998887667999775877268665584384534
6295 1 15 9 5 0 1 0 0  999998887627999775877668665584384534
6325 1 15 10 4 0 1 0 0  999998887626999777877658665584384534
6390 1 16 1 3 0 0 0 0  999998887774999667865568455683748732
6493 1 16 4 2 0 1 0 0  999998887772999667864568565384778534
6498 1 16 4 3 0 0 0 0  999998887772999667864568535683778445
6505 1 16 4 4 0 1 0 0  999998887772999667866568545384778534
6511 1 16 4 5 0 1 0 0  999998887772999657854668665384778534
6925 1 17 5 2 0 1 0 0  999997778888999665886267685754374534
7993 1 20 2 0 0 1 0 0  999997778758999886886367685376524544
8317 1 21 0 0 0 1 0 0  999997758728999886888667557674354634
8521 1 21 5 4 0 1 0 0  999997778668999885888267665754374534
8527 1 21 5 5 0 1 0 0  999997778628999885888667665754374534
8659 1 21 9 3 0 1 0 0  999996668778999885888277775654364534
8695 1 21 10 3 0 1 0 0  999996668728999885888777775654364534
8917 1 22 5 4 0 1 0 0  999997778626999888888657665754374534
9055 1 22 9 3 0 1 0 0  999996668727999888888757775654364534
