0 0 0 0 0 0 0 0 0  999988778279987768675868556454493639
221 1 0 6 0 2 1 0 0  999988668739986778774878246563594559
396 1 1 0 0 0 0 0 0  999988858879974678763876734565694529
398 1 1 0 0 1 0 0 0  999988858879974678763876735565692449
606 1 1 5 5 0 0 0 0  999988848879977578653846757653694629
611 1 1 5 5 2 1 0 0  999988858879977478635846747635695629
638 1 1 6 4 1 0 0 0  999988848869956778773875276663494559
640 1 1 6 4 2 0 0 0  999988858869926778775874476665495339
683 1 1 7 5 2 1 0 0  999988878879977378635846754625694659
869 1 2 2 0 2 1 0 0  999988868889966778724675643573597549
949 1 2 4 2 0 1 0 0  999988878889957778755666372466495349
955 1 2 4 3 0 1 0 0  999988878889957778755666372465496349
977 1 2 5 0 2 1 0 0  999988868889966778724675743567593549
1302 1 3 3 1 0 0 0 0  999988858789957778773668634655492469
1304 1 3 3 1 1 0 0 0  999988838789957778773668625655494469
1430 1 3 6 4 1 0 0 0  999988848789944778773678566663592559
1490 1 3 8 2 1 0 0 0  999988848789944778773668637656592559
1592 1 4 0 1 1 0 0 0  999988848779955788753668637644297569
1594 1 4 0 1 2 0 0 0  999988858779945788725668657644397369
1628 1 4 1 1 1 0 0 0  999988848779973788744668635655792569
1670 1 4 2 2 1 0 0 0  999988848779973788744668637656592559
1734 1 4 4 1 0 0 0 0  999988858779973788757668634655492469
1736 1 4 4 1 1 0 0 0  999988838779973788757668625655494469
1766 1 4 5 0 1 0 0 0  999988858779974788663578636755692449
1770 1 4 5 1 0 0 0 0  999988858779973788666578456753692449
1788 1 4 5 4 0 0 0 0  999988858779973788545678446766693529
1836 1 4 7 0 0 0 0 0  999988848779973788663558627656495749
1842 1 4 7 1 0 0 0 0  999988848779973788666658537652495749
1850 1 4 7 2 1 0 0 0  999988848779973788666558537644695729
1854 1 4 7 3 0 0 0 0  999988848779973788666558637652495749
1860 1 4 7 4 0 0 0 0  999988848779973788553668667652494759
2021 1 5 1 0 2 1 0 0  999988858779975768765683364844795629
2028 1 5 1 2 0 0 0 0  999988858779973768766685456844793529
2039 1 5 1 3 2 1 0 0  999988858779975768766683354844795629
2052 1 5 2 0 0 0 0 0  999988848779973768763685567852494659
2064 1 5 2 2 0 0 0 0  999988848779973768766585637852494659
2070 1 5 2 3 0 0 0 0  999988848779973768766685537852494659
2162 1 5 5 0 1 0 0 0  999988858779975768655687637844693429
2174 1 5 5 2 1 0 0 0  999988848779973768663687447856592559
2180 1 5 5 3 1 0 0 0  999988858779975768663687557844693429
2238 1 5 7 1 0 0 0 0  999988848779973768663685567852494759
2244 1 5 7 2 0 0 0 0  999988848779973768663685527856494759
2246 1 5 7 2 1 0 0 0  999988848779973768663685557856494729
2250 1 5 7 3 0 0 0 0  999988858779974768663684557853692749
2252 1 5 7 3 1 0 0 0  999988858779974768663685557844693729
2256 1 5 7 4 0 0 0 0  999988848779973768666685537852494759
2286 1 5 8 3 0 0 0 0  999988858779977768663685457844693529
2413 1 6 1 0 0 1 0 0  999988858779974768764838636525796549
2416 1 6 1 0 2 0 0 0  999988858779975768765828656344796439
2431 1 6 1 3 0 1 0 0  999988858779974768766838646525793549
2485 1 6 3 0 0 1 0 0  999988858779977768764838646525693549
2521 1 6 4 0 0 1 0 0  999988858779974768767838646525693549
2570 1 6 5 2 1 0 0 0  999988848779973768663878446756592559
2586 1 6 5 5 0 0 0 0  999988868779976758536878365726494459
2632 1 6 7 0 2 0 0 0  999988858779975768625848657364694739
2633 1 6 7 0 2 1 0 0  999988858779975768625848657363494769
2651 1 6 7 3 2 1 0 0  999988858779975768665848447336695729
2657 1 6 7 4 2 1 0 0  999988858779975768666838357444695729
2659 1 6 7 5 0 1 0 0  999988868779976758536848367256494759
2661 1 6 7 5 1 1 0 0  999988868779976758556848267336494759
2701 1 6 9 0 0 1 0 0  999988858769964778777838646525693549
2855 1 7 2 1 2 1 0 0  999988888879977678766635746524593549
3035 1 7 7 1 2 1 0 0  999988888879977678664625746533597549
3206 1 8 1 0 1 0 0 0  999988858779974768763668445855793629
3252 1 8 2 2 0 0 0 0  999988848779973768766558637852495649
3258 1 8 2 3 0 0 0 0  999988848779973768766658537852495649
3362 1 8 5 2 1 0 0 0  999988848779973768663678446857592559
3423 1 8 7 0 1 1 0 0  999988858779975768655638647824693749
3432 1 8 7 2 0 0 0 0  999988848779973768663658527856495749
3434 1 8 7 2 1 0 0 0  999988848779973768663658557856494729
3438 1 8 7 3 0 0 0 0  999988858779974768663648557853694729
3440 1 8 7 3 1 0 0 0  999988858779974768663658557844693729
3444 1 8 7 4 0 0 0 0  999988848779973768666658537852495749
3454 1 8 7 5 2 0 0 0  999988868779976758446538367855496729
3455 1 8 7 5 2 1 0 0  999988868779976758426538367855496749
3575 1 9 0 1 2 1 0 0  999988857749985688766768256474795339
3593 1 9 0 4 2 1 0 0  999988857749985688725768666474795339
3597 1 9 0 5 1 1 0 0  999988867749986588726758564476795339
3598 1 9 0 5 2 0 0 0  999988867759986488746748265575796339
3599 1 9 0 5 2 1 0 0  999988867759986488726748465575796339
3626 1 9 1 4 1 0 0 0  999988847779983688756668635552797449
3670 1 9 2 5 2 0 0 0  999988857779985488745678246666395739
3671 1 9 2 5 2 1 0 0  999988857779985488725678446666395739
3677 1 9 3 0 2 1 0 0  999988857779987688765638356444795629
3719 1 9 4 1 2 1 0 0  999988857779985688766638356444795729
3734 1 9 4 4 1 0 0 0  999988847779983688756668635455792749
3736 1 9 4 4 2 0 0 0  999988857779985688736668654435794729
3758 1 9 5 2 1 0 0 0  999988857779984688773678636644592559
4217 1 10 7 0 2 1 0 0  999988888779975768625638657444693759
4235 1 10 7 3 2 1 0 0  999988888779975768665638357444695729
4415 1 11 1 3 2 1 0 0  999987778889988768766735646524593549
4439 1 11 2 1 2 1 0 0  999987778889988678766635746524593549
5658 1 14 3 1 0 0 0 0  999988887779975668763586458544793269
5854 1 14 8 3 2 0 0 0  999988887779975668765486478426395359
5945 1 15 0 0 2 1 0 0  999988857769965478464687367835295789
5957 1 15 0 2 2 1 0 0  999988857769966378365487657844295789
5963 1 15 0 3 2 1 0 0  999988857769966478365687447825395789
5971 1 15 0 5 0 1 0 0  999988867739946578546587467836592789
5975 1 15 0 5 2 1 0 0  999988867759936478446587367855296789
6031 1 15 2 3 0 1 0 0  999988857779955668764386746853794289
6032 1 15 2 3 1 0 0 0  999988847779944668763586736855792589
6058 1 15 3 1 2 0 0 0  999988867779975668765484364835795289
6062 1 15 3 2 1 0 0 0  999988847779973668763586264855794589
6064 1 15 3 2 2 0 0 0  999988857779975668765486464835792389
6066 1 15 3 3 0 0 0 0  999988857779974668763486556854793289
6181 1 15 6 4 0 1 0 0  999988847779974638767686565853594289
6182 1 15 6 4 1 0 0 0  999988837779973658767686465852495489
6199 1 15 7 1 0 1 0 0  999988857779955668764386747853694289
6200 1 15 7 1 1 0 0 0  999988847779944668763586737855692589
6236 1 15 8 1 1 0 0 0  999988847779973668763586274855694589
6238 1 15 8 1 2 0 0 0  999988857779975668765486474835692389
6241 1 15 8 2 0 1 0 0  999988847779974668756386675853594289
6242 1 15 8 2 1 0 0 0  999988837779973668746586675852495489
6353 1 16 0 2 2 1 0 0  999988857749985678665687267844395739
6356 1 16 0 3 1 0 0 0  999988857759984678663687447855693729
6365 1 16 0 4 2 1 0 0  999988857749985678666687257844395739
6369 1 16 0 5 1 1 0 0  999988867749986578556487267846593739
6370 1 16 0 5 2 0 0 0  999988867759986478426587467855396739
6371 1 16 0 5 2 1 0 0  999988867759986478446587267855396739
6390 1 16 1 3 0 0 0 0  999988857779983668763586456852797449
6410 1 16 2 0 1 0 0 0  999988857779984668744586736855793629
6416 1 16 2 1 1 0 0 0  999988847779983668763586724855794569
6418 1 16 2 1 2 0 0 0  999988857779985668765486754833794269
6428 1 16 2 3 1 0 0 0  999988857779984668763586736855792449
6462 1 16 3 3 0 0 0 0  999988857779987668763586456853792449
6494 1 16 4 2 1 0 0 0  999988857779984668763586264855794739
6496 1 16 4 2 2 0 0 0  999988857779985668765486464825793739
6498 1 16 4 3 0 0 0 0  999988857779984668763486556854793729
6520 1 16 5 0 2 0 0 0  999988857779985668775486476824395639
6521 1 16 5 0 2 1 0 0  999988857779985668775486276844395639
6556 1 16 6 0 2 0 0 0  999988857779987668775486456824395639
6557 1 16 6 0 2 1 0 0  999988857779987668775486256844395639
6596 1 16 7 1 1 0 0 0  999988857779984668763586737855692449
6618 1 16 7 5 0 0 0 0  999988867779986558746285767856493439
6619 1 16 7 5 0 1 0 0  999988867779986538756584767836492549
6629 1 16 8 0 2 1 0 0  999988857779987668725486756844395639
6664 1 16 9 0 2 0 0 0  999988857669987778775486456824395639
6665 1 16 9 0 2 1 0 0  999988857669987778775486256844395639
6676 1 16 9 2 2 0 0 0  999988857629987778775686456865493439
6677 1 16 9 2 2 1 0 0  999988857639987778775686256863495449
6700 1 16 10 0 2 0 0 0  999988857669985778777486456824395639
6701 1 16 10 0 2 1 0 0  999988857669985778777486256844395639
6858 1 17 3 3 0 0 0 0  999988887779975668763586456853792449
7014 1 17 7 5 0 0 0 0  999988887779956548756583767846396429
7159 1 18 0 5 0 1 0 0  999977568889988758856574362776496349
7314 1 18 5 1 0 0 0 0  999977758889988668863576457544693279
7384 1 18 7 0 2 0 0 0  999977758889988668875476456724395639
7385 1 18 7 0 2 1 0 0  999977758889988668875476256744395639
7565 1 19 1 0 2 1 0 0  999988887779984668724538636555797649
7612 1 19 2 2 2 0 0 0  999988887779985668765478456624395739
7613 1 19 2 2 2 1 0 0  999988887779985668765478256644395739
7630 1 19 2 5 2 0 0 0  999988887779985368735678256664495749
7631 1 19 2 5 2 1 0 0  999988887779985468725678446665395739
7684 1 19 4 2 2 0 0 0  999988887779984668763568265455793749
7781 1 19 7 0 2 1 0 0  999988887779985668725478656474395639
8177 1 20 7 0 2 1 0 0  999977758889988668725478656474395639
8330 1 21 0 2 1 0 0 0  999977448769958888884676636773592559
8347 1 21 0 5 0 1 0 0  999977568759958888886574362776496349
8366 1 21 1 2 1 0 0 0  999977748779958888883676636526494559
8368 1 21 1 2 2 0 0 0  999977758779928888885676656446495339
8370 1 21 1 3 0 0 0 0  999977758779938888884676626535494569
8372 1 21 1 3 1 0 0 0  999977738779958888883676626555494469
8496 1 21 5 0 0 0 0 0  999977758669958888883476557463692479
8498 1 21 5 0 1 0 0 0  999977738669958888883576557464692479
8502 1 21 5 1 0 0 0 0  999977758669968888883576457544693279
8521 1 21 5 4 0 1 0 0  999977748639968888884676567553594279
8522 1 21 5 4 1 0 0 0  999977748659968888882676367535494579
8572 1 21 7 0 2 0 0 0  999977758669978888885476456724395639
8573 1 21 7 0 2 1 0 0  999977758669978888885476256744395639
8584 1 21 7 2 2 0 0 0  999977758629978888885676456765493439
8585 1 21 7 2 2 1 0 0  999977758639978888885676256763495449
8659 1 21 9 3 0 1 0 0  999966648739978888884777576553594269
8660 1 21 9 3 1 0 0 0  999966648759978888882777376535494569
8743 1 22 0 5 0 1 0 0  999977568759956888888574362776496349
8898 1 22 5 1 0 0 0 0  999977758669963888888576457544693279
8968 1 22 7 0 2 0 0 0  999977758669975888888476456724395639
8969 1 22 7 0 2 1 0 0  999977758669975888888476256744395639
