# k=7 m=3 no_zero_run_of_length_m_up_to=100002
2 1
3 6
5 6
7 6
11 6
13 6
17 6
19 6
23 6
29 6
31 6
37 6
41 6
43 6
47 6
53 6
59 6
61 6
67 6
71 6
73 6
79 6
83 6
89 6
97 6
101 6
103 6
107 6
109 6
113 6
127 6
131 6
137 6
139 6
149 6
151 6
157 6
163 6
167 6
173 6
179 6
181 6
191 6
193 6
197 6
199 6
211 6
223 6
227 6
229 6
233 6
239 6
241 6
251 6
257 6
263 6
269 6
271 6
277 6
281 6
283 6
293 6
307 6
311 6
313 6
317 6
331 6
337 6
347 6
349 6
353 6
359 6
367 6
373 6
379 6
383 6
389 6
397 6
401 6
409 6
419 6
421 6
431 6
433 6
439 6
443 6
449 6
457 6
461 6
463 6
467 6
479 6
487 6
491 6
499 6
503 6
509 6
521 6
523 6
541 6
547 6
557 6
563 6
569 6
571 6
577 6
587 6
593 6
599 6
601 6
607 6
613 6
617 6
619 6
631 6
641 6
643 6
647 6
653 6
659 6
661 6
673 6
677 6
683 6
691 6
701 6
709 6
719 6
727 6
733 6
739 6
743 6
751 6
757 6
761 6
769 6
773 6
787 6
797 6
809 6
811 6
821 6
823 6
827 6
829 6
839 6
853 6
857 6
859 6
863 6
877 6
881 6
883 6
887 6
907 6
911 6
919 6
929 6
937 6
941 6
947 6
953 6
967 6
971 6
977 6
983 6
991 6
997 6
1009 6
1013 6
1019 6
1021 6
1031 6
1033 6
1039 6
1049 6
1051 6
1061 6
1063 6
1069 6
1087 6
1091 6
1093 6
1097 6
1103 6
1109 6
1117 6
1123 6
1129 6
1151 6
1153 6
1163 6
1171 6
1181 6
1187 6
1193 6
1201 6
1213 6
1217 6
1223 6
1229 6
1231 6
1237 6
1249 6
1259 6
1277 6
1279 6
1283 6
1289 6
1291 6
1297 6
1301 6
1303 6
1307 6
1319 6
1321 6
1327 6
1361 6
1367 6
1373 6
1381 6
1399 6
1409 6
1423 6
1427 6
1429 6
1433 6
1439 6
1447 6
1451 6
1453 6
1459 6
1471 6
1481 6
1483 6
1487 6
1489 6
1493 6
1499 6
1511 6
1523 6
1531 6
1543 6
1549 6
1553 6
1559 6
1567 6
1571 6
1579 6
1583 6
1597 6
1601 6
1607 6
1609 6
1613 6
1619 6
1621 6
1627 6
1637 6
1657 6
1663 6
1667 6
1669 6
1693 6
1697 6
1699 6
1709 6
1721 6
1723 6
1733 6
1741 6
1747 6
1753 6
1759 6
1777 6
1783 6
1787 6
1789 6
1801 6
1811 6
1823 6
1831 6
1847 6
1861 6
1867 6
1871 6
1873 6
1877 6
1879 6
1889 6
1901 6
1907 6
1913 6
1931 6
1933 6
1949 6
1951 6
1973 6
1979 6
1987 6
1993 6
1997 6
1999 6
2003 6
2011 6
2017 6
2027 6
2029 6
2039 6
2053 6
2063 6
2069 6
2081 6
2083 6
2087 6
2089 6
2099 6
2111 6
2113 6
2129 6
2131 6
2137 6
2141 6
2143 6
2153 6
2161 6
2179 6
2203 6
2207 6
2213 6
2221 6
2237 6
2239 6
2243 6
2251 6
2267 6
2269 6
2273 6
2281 6
2287 6
2293 6
2297 6
2309 6
2311 6
2333 6
2339 6
2341 6
2347 6
2351 6
2357 6
2371 6
2377 6
2381 6
2383 6
2389 6
2393 6
2399 6
2411 6
2417 6
2423 6
2437 6
2441 6
2447 6
2459 6
2467 6
2473 6
2477 6
2503 6
2521 6
2531 6
2539 6
2543 6
2549 6
2551 6
2557 6
2579 6
2591 6
2593 6
2609 6
2617 6
2621 6
2633 6
2647 6
2657 6
2659 6
2663 6
2671 6
2677 6
2683 6
2687 6
2689 6
2693 6
2699 6
2707 6
2711 6
2713 6
2719 6
2729 6
2731 6
2741 6
2749 6
2753 6
2767 6
2777 6
2789 6
2791 6
2797 6
2801 6
2803 6
2819 6
2833 6
2837 6
2843 6
2851 6
2857 6
2861 6
2879 6
2887 6
2897 6
2903 6
2909 6
2917 6
2927 6
2939 6
2953 6
2957 6
2963 6
2969 6
2971 6
2999 6
3001 6
3011 6
3019 6
3023 6
3037 6
3041 6
3049 6
3061 6
3067 6
3079 6
3083 6
3089 6
3109 6
3119 6
3121 6
3137 6
3163 6
3167 6
3169 6
3181 6
3187 6
3191 6
3203 6
3209 6
3217 6
3221 6
3229 6
3251 6
3253 6
3257 6
3259 6
3271 6
3299 6
3301 6
3307 6
3313 6
3319 6
3323 6
3329 6
3331 6
3343 6
3347 6
3359 6
3361 6
3371 6
3373 6
3389 6
3391 6
3407 6
3413 6
3433 6
3449 6
3457 6
3461 6
3463 6
3467 6
3469 6
3491 6
3499 6
3511 6
3517 6
3527 6
3529 6
3533 6
3539 6
3541 6
3547 6
3557 6
3559 6
3571 6
3581 6
3583 6
3593 6
3607 6
3613 6
3617 6
3623 6
3631 6
3637 6
3643 6
3659 6
3671 6
3673 6
3677 6
3691 6
3697 6
3701 6
3709 6
3719 6
3727 6
3733 6
3739 6
3761 6
3767 6
3769 6
3779 6
3793 6
3797 6
3803 6
3821 6
3823 6
3833 6
3847 6
3851 6
3853 6
3863 6
3877 6
3881 6
3889 6
3907 6
3911 6
3917 6
3919 6
3923 6
3929 6
3931 6
3943 6
3947 6
3967 6
3989 6
4001 6
4003 6
4007 6
4013 6
4019 6
4021 6
4027 6
4049 6
4051 6
4057 6
4073 6
4079 6
4091 6
4093 6
4099 6
4111 6
4127 6
4129 6
4133 6
4139 6
4153 6
4157 6
4159 6
4177 6
4201 6
4211 6
4217 6
4219 6
4229 6
4231 6
4241 6
4243 6
4253 6
4259 6
4261 6
4271 6
4273 6
4283 6
4289 6
4297 6
4327 6
4337 6
4339 6
4349 6
4357 6
4363 6
4373 6
4391 6
4397 6
4409 6
4421 6
4423 6
4441 6
4447 6
4451 6
4457 6
4463 6
4481 6
4483 6
4493 6
4507 6
4513 6
4517 6
4519 6
4523 6
4547 6
4549 6
4561 6
4567 6
4583 6
4591 6
4597 6
4603 6
4621 6
4637 6
4639 6
4643 6
4649 6
4651 6
4657 6
4663 6
4673 6
4679 6
4691 6
4703 6
4721 6
4723 6
4729 6
4733 6
4751 6
4759 6
4783 6
4787 6
4789 6
4793 6
4799 6
4801 6
4813 6
4817 6
4831 6
4861 6
4871 6
4877 6
4889 6
4903 6
4909 6
4919 6
4931 6
4933 6
4937 6
4943 6
4951 6
4957 6
4967 6
4969 6
4973 6
4987 6
4993 6
4999 6
5003 6
5009 6
5011 6
5021 6
5023 6
5039 6
5051 6
5059 6
5077 6
5081 6
5087 6
5099 6
5101 6
5107 6
5113 6
5119 6
5147 6
5153 6
5167 6
5171 6
5179 6
5189 6
5197 6
5209 6
5227 6
5231 6
5233 6
5237 6
5261 6
5273 6
5279 6
5281 6
5297 6
5303 6
5309 6
5323 6
5333 6
5347 6
5351 6
5381 6
5387 6
5393 6
5399 6
5407 6
5413 6
5417 6
5419 6
5431 6
5437 6
5441 6
5443 6
5449 6
5471 6
5477 6
5479 6
5483 6
5501 6
5503 6
5507 6
5519 6
5521 6
5527 6
5531 6
5557 6
5563 6
5569 6
5573 6
5581 6
5591 6
5623 6
5639 6
5641 6
5647 6
5651 6
5653 6
5657 6
5659 6
5669 6
5683 6
5689 6
5693 6
5701 6
5711 6
5717 6
5737 6
5741 6
5743 6
5749 6
5779 6
5783 6
5791 6
5801 6
5807 6
5813 6
5821 6
5827 6
5839 6
5843 6
5849 6
5851 6
5857 6
5861 6
5867 6
5869 6
5879 6
5881 6
5897 6
5903 6
5923 6
5927 6
5939 6
5953 5
5981 6
5987 6
6007 6
6011 6
6029 6
6037 6
6043 6
6047 6
6053 6
6067 6
6073 6
6079 6
6089 6
6091 6
6101 6
6113 6
6121 6
6131 6
6133 6
6143 6
6151 6
6163 6
6173 6
6197 6
6199 6
6203 6
6211 6
6217 6
6221 6
6229 6
6247 6
6257 6
6263 6
6269 6
6271 6
6277 6
6287 6
6299 6
6301 6
6311 6
6317 6
6323 6
6329 6
6337 6
6343 6
6353 6
6359 6
6361 6
6367 6
6373 6
6379 6
6389 6
6397 6
6421 6
6427 6
6449 6
6451 6
6469 6
6473 6
6481 6
6491 6
6521 6
6529 6
6547 6
6551 6
6553 6
6563 6
6569 6
6571 6
6577 6
6581 6
6599 6
6607 6
6619 6
6637 6
6653 6
6659 6
6661 6
6673 6
6679 6
6689 6
6691 6
6701 6
6703 6
6709 6
6719 6
6733 6
6737 6
6761 6
6763 6
6779 6
6781 6
6791 6
6793 6
6803 6
6823 6
6827 6
6829 6
6833 6
6841 6
6857 6
6863 6
6869 6
6871 6
6883 6
6899 6
6907 6
6911 6
6917 6
6947 6
6949 6
6959 6
6961 6
6967 6
6971 6
6977 6
6983 6
6991 6
6997 6
7001 6
7013 6
7019 6
7027 6
7039 6
7043 6
7057 6
7069 6
7079 6
7103 6
7109 6
7121 6
7127 6
7129 6
7151 6
7159 6
7177 6
7187 6
7193 6
7207 6
7211 6
7213 6
7219 6
7229 6
7237 6
7243 6
7247 6
7253 6
7283 6
7297 6
7307 6
7309 6
7321 6
7331 6
7333 6
7349 6
7351 6
7369 6
7393 6
7411 6
7417 6
7433 6
7451 6
7457 6
7459 6
7477 6
7481 6
7487 6
7489 6
7499 6
7507 6
7517 6
7523 6
7529 6
7537 6
7541 6
7547 6
7549 6
7559 6
7561 6
7573 6
7577 6
7583 6
7589 6
7591 6
7603 6
7607 6
7621 6
7639 6
7643 6
7649 6
7669 6
7673 6
7681 6
7687 6
7691 6
7699 6
7703 6
7717 6
7723 6
7727 6
7741 6
7753 6
7757 6
7759 6
7789 6
7793 6
7817 6
7823 6
7829 6
7841 6
7853 6
7867 6
7873 6
7877 6
7879 6
7883 6
7901 6
7907 6
7919 6
7927 6
7933 6
7937 6
7949 6
7951 6
7963 6
7993 6
8009 6
8011 6
8017 6
8039 6
8053 6
8059 6
8069 6
8081 6
8087 6
8089 6
8093 6
8101 6
8111 6
8117 6
8123 6
8147 6
8161 6
8167 6
8171 6
8179 6
8191 6
8209 6
8219 6
8221 6
8231 6
8233 6
8237 6
8243 6
8263 6
8269 6
8273 6
8287 6
8291 6
8293 6
8297 6
8311 6
8317 6
8329 6
8353 6
8363 6
8369 6
8377 6
8387 6
8389 6
8419 6
8423 6
8429 6
8431 6
8443 6
8447 6
8461 6
8467 6
8501 6
8513 6
8521 6
8527 6
8537 6
8539 6
8543 6
8563 6
8573 6
8581 6
8597 6
8599 6
8609 6
8623 6
8627 6
8629 6
8641 6
8647 6
8663 6
8669 6
8677 6
8681 6
8689 6
8693 6
8699 6
8707 6
8713 6
8719 6
8731 6
8737 6
8741 6
8747 6
8753 6
8761 6
8779 6
8783 6
8803 6
8807 6
8819 6
8821 6
8831 6
8837 6
8839 6
8849 6
8861 6
8863 6
8867 6
8887 6
8893 6
8923 6
8929 6
8933 6
8941 6
8951 6
8963 6
8969 6
8971 6
8999 6
9001 6
9007 6
9011 6
9013 6
9029 6
9041 6
9043 6
9049 6
9059 6
9067 6
9091 6
9103 6
9109 6
9127 6
9133 6
9137 6
9151 6
9157 6
9161 6
9173 6
9181 6
9187 6
9199 6
9203 6
9209 6
9221 6
9227 6
9239 6
9241 6
9257 6
9277 6
9281 6
9283 6
9293 6
9311 6
9319 6
9323 6
9337 6
9341 6
9343 6
9349 6
9371 6
9377 6
9391 6
9397 6
9403 6
9413 6
9419 6
9421 6
9431 6
9433 6
9437 6
9439 6
9461 6
9463 6
9467 6
9473 6
9479 6
9491 6
9497 6
9511 6
9521 6
9533 6
9539 6
9547 6
9551 6
9587 6
9601 6
9613 6
9619 6
9623 6
9629 6
9631 6
9643 6
9649 6
9661 6
9677 6
9679 6
9689 6
9697 6
9719 6
9721 6
9733 6
9739 6
9743 6
9749 6
9767 6
9769 6
9781 6
9787 6
9791 6
9803 6
9811 6
9817 6
9829 6
9833 6
9839 6
9851 6
9857 6
9859 6
9871 6
9883 6
9887 6
9901 6
9907 6
9923 6
9929 6
9931 6
9941 6
9949 6
9967 6
9973 6
10007 6
10009 6
10037 6
10039 6
10061 6
10067 6
10069 6
10079 6
10091 6
10093 6
10099 6
10103 6
10111 6
10133 6
10139 6
10141 6
10151 6
10159 6
10163 6
10169 6
10177 6
10181 6
10193 6
10211 6
10223 6
10243 6
10247 6
10253 6
10259 6
10267 6
10271 6
10273 6
10289 6
10301 6
10303 6
10313 6
10321 6
10331 6
10333 6
10337 6
10343 6
10357 6
10369 6
10391 6
10399 6
10427 6
10429 6
10433 6
10453 6
10457 6
10459 6
10463 6
10477 6
10487 6
10499 6
10501 6
10513 6
10529 6
10531 6
10559 6
10567 6
10589 6
10597 6
10601 6
10607 6
10613 6
10627 6
10631 6
10639 6
10651 6
10657 6
10663 6
10667 6
10687 6
10691 6
10709 6
10711 6
10723 6
10729 6
10733 6
10739 6
10753 6
10771 6
10781 6
10789 6
10799 6
10831 6
10837 6
10847 6
10853 6
10859 6
10861 6
10867 6
10883 6
10889 6
10891 6
10903 6
10909 6
10937 6
10939 6
10949 6
10957 6
10973 6
10979 6
10987 6
10993 6
11003 6
11027 6
11047 6
11057 6
11059 6
11069 6
11071 6
11083 6
11087 6
11093 6
11113 6
11117 6
11119 6
11131 6
11149 6
11159 6
11161 6
11171 6
11173 6
11177 6
11197 6
11213 6
11239 6
11243 6
11251 6
11257 6
11261 6
11273 6
11279 6
11287 6
11299 5
11311 6
11317 6
11321 6
11329 6
11351 6
11353 6
11369 6
11383 6
11393 6
11399 6
11411 6
11423 6
11437 6
11443 6
11447 6
11467 6
11471 6
11483 6
11489 6
11491 6
11497 6
11503 6
11519 6
11527 6
11549 6
11551 6
11579 6
11587 6
11593 6
11597 6
11617 6
11621 6
11633 6
11657 6
11677 6
11681 6
11689 6
11699 6
11701 6
11717 6
11719 6
11731 6
11743 6
11777 6
11779 6
11783 6
11789 6
11801 6
11807 6
11813 6
11821 6
11827 6
11831 6
11833 6
11839 6
11863 6
11867 6
11887 6
11897 6
11903 6
11909 6
11923 6
11927 6
11933 6
11939 6
11941 6
11953 6
11959 6
11969 6
11971 6
11981 6
11987 6
12007 6
12011 6
12037 6
12041 6
12043 6
12049 6
12071 6
12073 6
12097 6
12101 6
12107 6
12109 6
12113 6
12119 6
12143 6
12149 6
12157 6
12161 6
12163 6
12197 6
12203 6
12211 6
12227 6
12239 6
12241 6
12251 6
12253 6
12263 6
12269 6
12277 6
12281 6
12289 6
12301 6
12323 6
12329 6
12343 6
12347 6
12373 6
12377 6
12379 6
12391 6
12401 6
12409 6
12413 6
12421 6
12433 6
12437 6
12451 6
12457 6
12473 6
12479 6
12487 6
12491 6
12497 6
12503 6
12511 6
12517 6
12527 6
12539 6
12541 6
12547 6
12553 6
12569 6
12577 6
12583 6
12589 6
12601 6
12611 6
12613 6
12619 6
12637 6
12641 6
12647 6
12653 6
12659 6
12671 6
12689 6
12697 6
12703 6
12713 6
12721 6
12739 6
12743 6
12757 6
12763 6
12781 6
12791 6
12799 6
12809 6
12821 6
12823 6
12829 6
12841 6
12853 6
12889 6
12893 6
12899 6
12907 6
12911 6
12917 6
12919 6
12923 6
12941 6
12953 6
12959 6
12967 6
12973 6
12979 6
12983 6
13001 6
13003 6
13007 6
13009 6
13033 6
13037 6
13043 6
13049 6
13063 6
13093 6
13099 6
13103 6
13109 6
13121 6
13127 6
13147 6
13151 6
13159 6
13163 6
13171 6
13177 6
13183 6
13187 6
13217 6
13219 6
13229 6
13241 6
13249 6
13259 6
13267 6
13291 6
13297 6
13309 6
13313 6
13327 6
13331 6
13337 6
13339 6
13367 6
13381 6
13397 6
13399 6
13411 6
13417 6
13421 6
13441 6
13451 6
13457 6
13463 6
13469 6
13477 6
13487 5
13499 6
13513 6
13523 6
13537 6
13553 6
13567 6
13577 6
13591 6
13597 6
13613 6
13619 6
13627 6
13633 6
13649 6
13669 6
13679 6
13681 6
13687 6
13691 6
13693 6
13697 6
13709 6
13711 6
13721 6
13723 6
13729 6
13751 6
13757 6
13759 6
13763 6
13781 6
13789 6
13799 6
13807 6
13829 6
13831 6
13841 6
13859 6
13873 6
13877 6
13879 6
13883 6
13901 6
13903 6
13907 6
13913 6
13921 6
13931 6
13933 6
13963 6
13967 6
13997 6
13999 6
14009 6
14011 6
14029 6
14033 6
14051 6
14057 6
14071 6
14081 6
14083 6
14087 6
14107 6
14143 6
14149 6
14153 6
14159 6
14173 6
14177 6
14197 6
14207 6
14221 6
14243 6
14249 6
14251 6
14281 6
14293 6
14303 6
14321 6
14323 6
14327 6
14341 6
14347 6
14369 6
14387 6
14389 6
14401 6
14407 6
14411 6
14419 6
14423 6
14431 6
14437 6
14447 6
14449 6
14461 6
14479 6
14489 6
14503 6
14519 6
14533 6
14537 6
14543 6
14549 6
14551 6
14557 6
14561 6
14563 6
14591 6
14593 6
14621 6
14627 6
14629 6
14633 6
14639 6
14653 6
14657 6
14669 6
14683 6
14699 6
14713 6
14717 6
14723 6
14731 6
14737 6
14741 6
14747 6
14753 6
14759 6
14767 6
14771 6
14779 6
14783 6
14797 6
14813 6
14821 6
14827 6
14831 6
14843 6
14851 6
14867 6
14869 6
14879 6
14887 6
14891 6
14897 6
14923 6
14929 6
14939 6
14947 6
14951 6
14957 6
14969 6
14983 6
15013 6
15017 6
15031 6
15053 6
15061 6
15073 6
15077 6
15083 6
15091 6
15101 6
15107 6
15121 6
15131 6
15137 6
15139 6
15149 6
15161 6
15173 6
15187 6
15193 6
15199 6
15217 6
15227 6
15233 6
15241 6
15259 6
15263 6
15269 6
15271 6
15277 6
15287 6
15289 6
15299 6
15307 6
15313 6
15319 6
15329 6
15331 6
15349 6
15359 6
15361 6
15373 6
15377 6
15383 6
15391 6
15401 6
15413 6
15427 6
15439 6
15443 6
15451 6
15461 6
15467 6
15473 6
15493 6
15497 6
15511 6
15527 6
15541 6
15551 6
15559 6
15569 6
15581 6
15583 6
15601 6
15607 6
15619 6
15629 6
15641 6
15643 6
15647 6
15649 6
15661 6
15667 6
15671 6
15679 6
15683 6
15727 6
15731 6
15733 6
15737 6
15739 6
15749 6
15761 6
15767 6
15773 6
15787 6
15791 6
15797 6
15803 6
15809 6
15817 6
15823 6
15859 6
15877 6
15881 6
15887 6
15889 6
15901 6
15907 6
15913 6
15919 6
15923 6
15937 6
15959 6
15971 6
15973 6
15991 6
16001 6
16007 6
16033 6
16057 6
16061 6
16063 6
16067 6
16069 6
16073 6
16087 6
16091 6
16097 6
16103 6
16111 6
16127 6
16139 6
16141 6
16183 6
16187 6
16189 6
16193 6
16217 6
16223 6
16229 6
16231 6
16249 6
16253 6
16267 6
16273 6
16301 6
16319 6
16333 6
16339 6
16349 6
16361 6
16363 6
16369 6
16381 6
16411 6
16417 6
16421 6
16427 6
16433 6
16447 6
16451 6
16453 6
16477 6
16481 6
16487 6
16493 6
16519 6
16529 6
16547 6
16553 6
16561 6
16567 6
16573 6
16603 6
16607 6
16619 6
16631 6
16633 6
16649 6
16651 6
16657 6
16661 6
16673 6
16691 6
16693 6
16699 6
16703 6
16729 6
16741 6
16747 6
16759 6
16763 6
16787 6
16811 6
16823 6
16829 6
16831 6
16843 6
16871 6
16879 6
16883 6
16889 6
16901 6
16903 6
16921 6
16927 6
16931 6
16937 6
16943 6
16963 6
16979 6
16981 6
16987 6
16993 6
17011 6
17021 6
17027 6
17029 6
17033 6
17041 6
17047 6
17053 6
17077 6
17093 6
17099 6
17107 6
17117 6
17123 6
17137 6
17159 6
17167 6
17183 6
17189 6
17191 6
17203 6
17207 6
17209 6
17231 6
17239 6
17257 6
17291 6
17293 6
17299 6
17317 6
17321 6
17327 6
17333 6
17341 6
17351 6
17359 6
17377 6
17383 6
17387 6
17389 6
17393 6
17401 6
17417 6
17419 6
17431 6
17443 6
17449 6
17467 6
17471 6
17477 6
17483 6
17489 6
17491 6
17497 6
17509 6
17519 6
17539 6
17551 6
17569 6
17573 6
17579 6
17581 6
17597 6
17599 6
17609 6
17623 6
17627 6
17657 6
17659 6
17669 6
17681 6
17683 6
17707 6
17713 6
17729 6
17737 6
17747 6
17749 6
17761 6
17783 6
17789 6
17791 6
17807 6
17827 6
17837 6
17839 6
17851 6
17863 6
17881 6
17891 6
17903 6
17909 6
17911 6
17921 6
17923 6
17929 6
17939 6
17957 6
17959 6
17971 6
17977 6
17981 6
17987 6
17989 6
18013 6
18041 6
18043 6
18047 6
18049 6
18059 6
18061 6
18077 6
18089 6
18097 6
18119 6
18121 6
18127 6
18131 6
18133 6
18143 6
18149 6
18169 6
18181 6
18191 6
18199 6
18211 6
18217 6
18223 6
18229 6
18233 6
18251 6
18253 6
18257 6
18269 6
18287 6
18289 6
18301 6
18307 6
18311 6
18313 6
18329 6
18341 6
18353 6
18367 6
18371 6
18379 6
18397 6
18401 6
18413 6
18427 6
18433 6
18439 6
18443 6
18451 6
18457 6
18461 6
18481 6
18493 6
18503 6
18517 6
18521 6
18523 6
18539 6
18541 6
18553 6
18583 6
18587 6
18593 6
18617 6
18637 6
18661 6
18671 6
18679 6
18691 6
18701 6
18713 6
18719 6
18731 6
18743 6
18749 6
18757 6
18773 6
18787 6
18793 6
18797 6
18803 6
18839 6
18859 6
18869 6
18899 6
18911 6
18913 6
18917 6
18919 6
18947 6
18959 6
18973 6
18979 6
19001 6
19009 6
19013 6
19031 6
19037 6
19051 6
19069 6
19073 6
19079 6
19081 6
19087 6
19121 6
19139 6
19141 6
19157 6
19163 6
19181 6
19183 6
19207 6
19211 6
19213 6
19219 6
19231 6
19237 6
19249 6
19259 6
19267 6
19273 6
19289 6
19301 6
19309 6
19319 5
19333 6
19373 6
19379 6
19381 6
19387 6
19391 6
19403 6
19417 6
19421 6
19423 6
19427 6
19429 6
19433 6
19441 6
19447 6
19457 6
19463 6
19469 6
19471 6
19477 6
19483 6
19489 6
19501 6
19507 6
19531 6
19541 6
19543 6
19553 6
19559 6
19571 6
19577 6
19583 6
19597 6
19603 6
19609 6
19661 6
19681 6
19687 6
19697 6
19699 6
19709 6
19717 6
19727 6
19739 6
19751 6
19753 6
19759 6
19763 6
19777 6
19793 6
19801 6
19813 6
19819 6
19841 6
19843 6
19853 6
19861 6
19867 6
19889 6
19891 6
19913 6
19919 6
19927 6
19937 6
19949 6
19961 6
19963 6
19973 6
19979 6
19991 6
19993 6
19997 6
20011 6
20021 6
20023 6
20029 6
20047 6
20051 6
20063 6
20071 6
20089 6
20101 6
20107 6
20113 6
20117 6
20123 6
20129 6
20143 6
20147 6
20149 6
20161 6
20173 6
20177 6
20183 6
20201 6
20219 6
20231 6
20233 6
20249 6
20261 6
20269 6
20287 6
20297 6
20323 6
20327 6
20333 6
20341 6
20347 6
20353 6
20357 6
20359 6
20369 6
20389 6
20393 6
20399 6
20407 6
20411 6
20431 6
20441 6
20443 6
20477 6
20479 6
20483 6
20507 6
20509 6
20521 6
20533 6
20543 6
20549 6
20551 6
20563 6
20593 6
20599 6
20611 6
20627 6
20639 6
20641 6
20663 6
20681 6
20693 6
20707 6
20717 6
20719 6
20731 6
20743 6
20747 6
20749 6
20753 6
20759 6
20771 6
20773 6
20789 6
20807 6
20809 6
20849 6
20857 6
20873 6
20879 6
20887 6
20897 6
20899 6
20903 6
20921 6
20929 6
20939 6
20947 6
20959 6
20963 6
20981 6
20983 6
21001 6
21011 6
21013 6
21017 6
21019 6
21023 6
21031 6
21059 6
21061 6
21067 6
21089 6
21101 6
21107 6
21121 6
21139 6
21143 6
21149 6
21157 6
21163 6
21169 6
21179 6
21187 6
21191 6
21193 6
21211 6
21221 6
21227 6
21247 6
21269 6
21277 6
21283 6
21313 6
21317 6
21319 6
21323 6
21341 6
21347 6
21377 6
21379 6
21383 6
21391 6
21397 6
21401 6
21407 6
21419 6
21433 6
21467 6
21481 6
21487 6
21491 6
21493 6
21499 6
21503 6
21517 6
21521 6
21523 6
21529 6
21557 6
21559 6
21563 6
21569 6
21577 6
21587 6
21589 6
21599 6
21601 6
21611 6
21613 6
21617 6
21647 6
21649 6
21661 6
21673 6
21683 6
21701 6
21713 6
21727 6
21737 6
21739 6
21751 6
21757 6
21767 6
21773 6
21787 6
21799 6
21803 6
21817 6
21821 6
21839 6
21841 6
21851 6
21859 6
21863 6
21871 6
21881 6
21893 6
21911 6
21929 6
21937 5
21943 6
21961 6
21977 6
21991 6
21997 6
22003 6
22013 6
22027 6
22031 6
22037 6
22039 6
22051 6
22063 6
22067 6
22073 6
22079 6
22091 6
22093 6
22109 6
22111 6
22123 6
22129 6
22133 6
22147 6
22153 6
22157 6
22159 6
22171 6
22189 6
22193 6
22229 6
22247 6
22259 6
22271 6
22273 6
22277 6
22279 6
22283 6
22291 6
22303 6
22307 6
22343 6
22349 6
22367 6
22369 6
22381 6
22391 6
22397 6
22409 6
22433 6
22441 6
22447 6
22453 6
22469 6
22481 6
22483 6
22501 6
22511 6
22531 6
22541 6
22543 6
22549 6
22567 6
22571 6
22573 6
22613 6
22619 6
22621 6
22637 6
22639 6
22643 6
22651 6
22669 6
22679 6
22691 6
22697 6
22699 6
22709 6
22717 6
22721 6
22727 6
22739 6
22741 6
22751 6
22769 6
22777 6
22783 6
22787 6
22807 6
22811 6
22817 6
22853 6
22859 6
22861 6
22871 6
22877 6
22901 6
22907 6
22921 6
22937 6
22943 6
22961 6
22963 6
22973 6
22993 6
23003 6
23011 6
23017 6
23021 6
23027 6
23029 6
23039 6
23041 6
23053 6
23057 6
23059 6
23063 6
23071 6
23081 6
23087 6
23099 6
23117 6
23131 6
23143 6
23159 6
23167 6
23173 6
23189 6
23197 6
23201 6
23203 6
23209 6
23227 6
23251 6
23269 6
23279 6
23291 6
23293 6
23297 6
23311 6
23321 6
23327 6
23333 6
23339 6
23357 6
23369 6
23371 6
23399 6
23417 6
23431 6
23447 6
23459 6
23473 6
23497 6
23509 6
23531 6
23537 6
23539 6
23549 6
23557 6
23561 6
23563 6
23567 6
23581 6
23593 6
23599 6
23603 6
23609 6
23623 6
23627 6
23629 6
23633 6
23663 6
23669 6
23671 6
23677 6
23687 6
23689 6
23719 6
23741 6
23743 6
23747 6
23753 6
23761 6
23767 6
23773 6
23789 6
23801 6
23813 6
23819 6
23827 6
23831 6
23833 6
23857 6
23869 6
23873 6
23879 6
23887 6
23893 6
23899 6
23909 6
23911 6
23917 6
23929 6
23957 6
23971 6
23977 6
23981 6
23993 6
24001 6
24007 6
24019 6
24023 6
24029 6
24043 6
24049 6
24061 6
24071 6
24077 6
24083 6
24091 6
24097 6
24103 6
24107 6
24109 6
24113 6
24121 6
24133 6
24137 6
24151 6
24169 6
24179 6
24181 6
24197 6
24203 6
24223 6
24229 6
24239 6
24247 6
24251 6
24281 6
24317 6
24329 6
24337 6
24359 6
24371 6
24373 6
24379 6
24391 6
24407 6
24413 6
24419 6
24421 6
24439 6
24443 6
24469 6
24473 6
24481 6
24499 6
24509 6
24517 6
24527 6
24533 6
24547 6
24551 6
24571 6
24593 6
24611 6
24623 6
24631 6
24659 6
24671 6
24677 6
24683 6
24691 6
24697 6
24709 6
24733 6
24749 6
24763 6
24767 6
24781 6
24793 6
24799 6
24809 6
24821 6
24841 6
24847 6
24851 6
24859 6
24877 6
24889 6
24907 6
24917 6
24919 6
24923 6
24943 6
24953 6
24967 6
24971 6
24977 6
24979 6
24989 6
25013 6
25031 6
25033 6
25037 6
25057 6
25073 6
25087 6
25097 6
25111 6
25117 6
25121 6
25127 6
25147 6
25153 6
25163 6
25169 6
25171 6
25183 6
25189 6
25219 6
25229 6
25237 6
25243 6
25247 6
25253 6
25261 6
25301 6
25303 6
25307 6
25309 6
25321 6
25339 6
25343 6
25349 6
25357 6
25367 6
25373 6
25391 6
25409 6
25411 6
25423 6
25439 6
25447 6
25453 6
25457 6
25463 6
25469 6
25471 6
25523 6
25537 6
25541 6
25561 6
25577 6
25579 6
25583 6
25589 6
25601 6
25603 6
25609 6
25621 6
25633 6
25639 6
25643 6
25657 6
25667 6
25673 6
25679 6
25693 6
25703 6
25717 6
25733 6
25741 6
25747 6
25759 6
25763 6
25771 6
25793 6
25799 6
25801 6
25819 6
25841 6
25847 6
25849 6
25867 6
25873 6
25889 6
25903 6
25913 6
25919 6
25931 6
25933 6
25939 6
25943 6
25951 6
25969 6
25981 6
25997 6
25999 6
26003 6
26017 6
26021 6
26029 6
26041 6
26053 6
26083 6
26099 6
26107 6
26111 6
26113 6
26119 6
26141 6
26153 6
26161 6
26171 6
26177 6
26183 6
26189 6
26203 6
26209 6
26227 6
26237 6
26249 6
26251 6
26261 6
26263 6
26267 6
26293 6
26297 6
26309 6
26317 6
26321 6
26339 6
26347 6
26357 6
26371 6
26387 6
26393 6
26399 6
26407 6
26417 6
26423 6
26431 6
26437 6
26449 6
26459 6
26479 6
26489 6
26497 6
26501 6
26513 6
26539 6
26557 6
26561 6
26573 6
26591 6
26597 6
26627 6
26633 6
26641 6
26647 6
26669 6
26681 6
26683 6
26687 6
26693 6
26699 6
26701 6
26711 6
26713 6
26717 6
26723 6
26729 6
26731 6
26737 6
26759 6
26777 6
26783 6
26801 6
26813 6
26821 6
26833 6
26839 6
26849 6
26861 6
26863 6
26879 6
26881 6
26891 6
26893 6
26903 6
26921 6
26927 6
26947 6
26951 6
26953 6
26959 6
26981 6
26987 6
26993 6
27011 6
27017 6
27031 6
27043 6
27059 6
27061 6
27067 6
27073 6
27077 6
27091 6
27103 6
27107 6
27109 6
27127 6
27143 6
27179 6
27191 6
27197 6
27211 6
27239 6
27241 6
27253 6
27259 6
27271 6
27277 6
27281 6
27283 6
27299 6
27329 6
27337 6
27361 6
27367 6
27397 6
27407 6
27409 6
27427 6
27431 6
27437 6
27449 6
27457 6
27479 6
27481 6
27487 6
27509 6
27527 6
27529 6
27539 6
27541 6
27551 6
27581 6
27583 6
27611 6
27617 6
27631 6
27647 6
27653 6
27673 6
27689 6
27691 6
27697 6
27701 6
27733 6
27737 6
27739 6
27743 6
27749 6
27751 6
27763 6
27767 6
27773 6
27779 6
27791 6
27793 6
27799 6
27803 6
27809 6
27817 6
27823 6
27827 6
27847 6
27851 6
27883 6
27893 6
27901 6
27917 6
27919 6
27941 6
27943 6
27947 6
27953 6
27961 6
27967 6
27983 6
27997 6
28001 6
28019 6
28027 6
28031 6
28051 6
28057 6
28069 6
28081 6
28087 6
28097 6
28099 6
28109 6
28111 6
28123 6
28151 6
28163 6
28181 6
28183 6
28201 6
28211 6
28219 6
28229 6
28277 6
28279 6
28283 6
28289 6
28297 6
28307 6
28309 6
28319 6
28349 6
28351 6
28387 6
28393 6
28403 6
28409 6
28411 6
28429 6
28433 6
28439 6
28447 6
28463 6
28477 6
28493 6
28499 6
28513 6
28517 6
28537 6
28541 6
28547 6
28549 6
28559 6
28571 6
28573 6
28579 6
28591 6
28597 6
28603 6
28607 6
28619 6
28621 6
28627 6
28631 6
28643 6
28649 6
28657 6
28661 6
28663 6
28669 6
28687 6
28697 6
28703 6
28711 6
28723 6
28729 6
28751 6
28753 6
28759 6
28771 6
28789 6
28793 6
28807 6
28813 6
28817 6
28837 6
28843 6
28859 6
28867 6
28871 6
28879 6
28901 6
28909 6
28921 6
28927 6
28933 6
28949 6
28961 6
28979 6
29009 6
29017 6
29021 6
29023 6
29027 6
29033 6
29059 6
29063 6
29077 6
29101 6
29123 6
29129 6
29131 6
29137 6
29147 6
29153 6
29167 6
29173 6
29179 6
29191 6
29201 6
29207 6
29209 6
29221 6
29231 6
29243 6
29251 6
29269 6
29287 6
29297 6
29303 6
29311 6
29327 6
29333 6
29339 6
29347 6
29363 5
29383 6
29387 6
29389 6
29399 6
29401 6
29411 6
29423 6
29429 6
29437 6
29443 6
29453 6
29473 6
29483 6
29501 6
29527 6
29531 6
29537 6
29567 6
29569 6
29573 6
29581 6
29587 6
29599 6
29611 6
29629 6
29633 6
29641 6
29663 6
29669 6
29671 6
29683 6
29717 6
29723 6
29741 6
29753 6
29759 6
29761 6
29789 6
29803 6
29819 6
29833 6
29837 6
29851 6
29863 6
29867 6
29873 6
29879 6
29881 6
29917 6
29921 6
29927 6
29947 6
29959 6
29983 6
29989 6
30011 5
30013 6
30029 6
30047 6
30059 6
30071 6
30089 6
30091 6
30097 6
30103 6
30109 6
30113 6
30119 6
30133 6
30137 6
30139 6
30161 6
30169 6
30181 6
30187 6
30197 6
30203 6
30211 6
30223 6
30241 6
30253 5
30259 6
30269 6
30271 6
30293 6
30307 6
30313 6
30319 6
30323 6
30341 6
30347 6
30367 6
30389 6
30391 6
30403 6
30427 6
30431 6
30449 6
30467 6
30469 6
30491 6
30493 6
30497 6
30509 6
30517 6
30529 6
30539 6
30553 6
30557 6
30559 6
30577 6
30593 6
30631 6
30637 6
30643 6
30649 6
30661 6
30671 6
30677 6
30689 6
30697 6
30703 6
30707 6
30713 6
30727 6
30757 6
30763 6
30773 6
30781 6
30803 6
30809 6
30817 6
30829 6
30839 6
30841 6
30851 6
30853 6
30859 6
30869 6
30871 6
30881 6
30893 6
30911 6
30931 6
30937 5
30941 6
30949 6
30971 6
30977 6
30983 6
31013 6
31019 6
31033 6
31039 6
31051 6
31063 6
31069 6
31079 6
31081 6
31091 6
31121 6
31123 6
31139 6
31147 6
31151 6
31153 6
31159 6
31177 6
31181 6
31183 6
31189 6
31193 6
31219 6
31223 6
31231 6
31237 6
31247 6
31249 6
31253 6
31259 6
31267 6
31271 6
31277 6
31307 6
31319 6
31321 6
31327 6
31333 6
31337 6
31357 6
31379 6
31387 5
31391 6
31393 6
31397 6
31469 6
31477 6
31481 6
31489 6
31511 6
31513 6
31517 6
31531 6
31541 6
31543 6
31547 6
31567 6
31573 6
31583 6
31601 6
31607 6
31627 6
31643 6
31649 6
31657 6
31663 6
31667 6
31687 6
31699 6
31721 6
31723 6
31727 6
31729 6
31741 6
31751 6
31769 6
31771 6
31793 6
31799 6
31817 6
31847 6
31849 6
31859 6
31873 6
31883 6
31891 6
31907 6
31957 6
31963 6
31973 6
31981 6
31991 6
32003 6
32009 6
32027 6
32029 6
32051 6
32057 6
32059 6
32063 6
32069 6
32077 6
32083 6
32089 6
32099 6
32117 6
32119 6
32141 6
32143 6
32159 6
32173 6
32183 6
32189 6
32191 6
32203 6
32213 6
32233 6
32237 6
32251 6
32257 6
32261 6
32297 6
32299 6
32303 6
32309 6
32321 6
32323 6
32327 6
32341 6
32353 6
32359 6
32363 6
32369 6
32371 6
32377 6
32381 6
32401 6
32411 6
32413 5
32423 6
32429 6
32441 6
32443 6
32467 6
32479 6
32491 6
32497 6
32503 6
32507 6
32531 6
32533 6
32537 6
32561 6
32563 6
32569 6
32573 6
32579 6
32587 6
32603 6
32609 6
32611 6
32621 6
32633 6
32647 6
32653 6
32687 6
32693 6
32707 6
32713 6
32717 6
32719 6
32749 6
32771 6
32779 6
32783 6
32789 6
32797 6
32801 6
32803 6
32831 6
32833 6
32839 6
32843 6
32869 6
32887 6
32909 6
32911 6
32917 6
32933 6
32939 6
32941 6
32957 6
32969 6
32971 6
32983 6
32987 6
32993 6
32999 6
33013 6
33023 6
33029 6
33037 6
33049 6
33053 6
33071 6
33073 6
33083 6
33091 6
33107 6
33113 6
33119 6
33149 6
33151 6
33161 6
33179 6
33181 6
33191 6
33199 6
33203 6
33211 6
33223 6
33247 6
33287 6
33289 6
33301 6
33311 6
33317 6
33329 6
33331 6
33343 6
33347 6
33349 6
33353 6
33359 6
33377 6
33391 6
33403 6
33409 6
33413 6
33427 6
33457 6
33461 6
33469 6
33479 6
33487 6
33493 6
33503 6
33521 6
33529 6
33533 6
33547 6
33563 6
33569 6
33577 6
33581 6
33587 6
33589 6
33599 6
33601 6
33613 6
33617 6
33619 6
33623 6
33629 6
33637 6
33641 6
33647 6
33679 6
33703 6
33713 6
33721 6
33739 6
33749 6
33751 6
33757 6
33767 6
33769 6
33773 6
33791 6
33797 6
33809 6
33811 6
33827 6
33829 6
33851 6
33857 6
33863 6
33871 6
33889 6
33893 6
33911 6
33923 6
33931 6
33937 6
33941 6
33961 6
33967 6
33997 6
34019 6
34031 6
34033 6
34039 6
34057 6
34061 6
34123 6
34127 6
34129 6
34141 6
34147 6
34157 6
34159 6
34171 6
34183 6
34211 6
34213 6
34217 6
34231 6
34253 6
34259 6
34261 6
34267 6
34273 6
34283 6
34297 6
34301 6
34303 6
34313 6
34319 6
34327 6
34337 6
34351 6
34361 6
34367 6
34369 6
34381 6
34403 6
34421 6
34429 6
34439 6
34457 6
34469 6
34471 6
34483 6
34487 6
34499 6
34501 6
34511 6
34513 6
34519 6
34537 6
34543 6
34549 6
34583 6
34589 6
34591 6
34603 6
34607 6
34613 6
34631 6
34649 6
34651 6
34667 6
34673 6
34679 6
34687 6
34693 6
34703 6
34721 6
34729 6
34739 6
34747 6
34757 6
34759 6
34763 6
34781 6
34807 6
34819 6
34841 6
34843 6
34847 6
34849 6
34871 6
34877 6
34883 6
34897 6
34913 6
34919 6
34939 6
34949 6
34961 6
34963 6
34981 6
35023 6
35027 6
35051 6
35053 6
35059 6
35069 6
35081 6
35083 6
35089 6
35099 6
35107 6
35111 6
35117 6
35129 6
35141 6
35149 6
35153 6
35159 6
35171 6
35201 6
35221 6
35227 6
35251 6
35257 6
35267 6
35279 6
35281 6
35291 6
35311 6
35317 6
35323 6
35327 6
35339 6
35353 6
35363 6
35381 6
35393 6
35401 6
35407 6
35419 6
35423 6
35437 6
35447 6
35449 6
35461 6
35491 6
35507 6
35509 6
35521 6
35527 6
35531 6
35533 6
35537 6
35543 6
35569 6
35573 6
35591 6
35593 6
35597 6
35603 6
35617 6
35671 6
35677 6
35729 6
35731 6
35747 6
35753 6
35759 6
35771 6
35797 6
35801 6
35803 6
35809 6
35831 6
35837 6
35839 6
35851 6
35863 6
35869 6
35879 6
35897 6
35899 6
35911 6
35923 6
35933 6
35951 6
35963 6
35969 6
35977 6
35983 6
35993 6
35999 6
36007 6
36011 6
36013 6
36017 6
36037 6
36061 6
36067 6
36073 6
36083 6
36097 6
36107 6
36109 6
36131 6
36137 6
36151 6
36161 6
36187 6
36191 6
36209 6
36217 6
36229 6
36241 6
36251 6
36263 6
36269 6
36277 6
36293 6
36299 6
36307 6
36313 6
36319 6
36341 6
36343 6
36353 6
36373 6
36383 6
36389 6
36433 6
36451 6
36457 6
36467 6
36469 6
36473 6
36479 6
36493 6
36497 6
36523 6
36527 6
36529 6
36541 6
36551 6
36559 6
36563 5
36571 6
36583 6
36587 6
36599 6
36607 6
36629 6
36637 6
36643 6
36653 6
36671 6
36677 6
36683 6
36691 6
36697 6
36709 6
36713 6
36721 6
36739 6
36749 6
36761 6
36767 6
36779 6
36781 6
36787 6
36791 6
36793 6
36809 6
36821 6
36833 6
36847 6
36857 6
36871 6
36877 6
36887 6
36899 6
36901 6
36913 6
36919 6
36923 6
36929 6
36931 6
36943 6
36947 6
36973 6
36979 6
36997 6
37003 6
37013 6
37019 6
37021 6
37039 6
37049 6
37057 5
37061 6
37087 6
37097 6
37117 6
37123 6
37139 6
37159 6
37171 6
37181 6
37189 6
37199 6
37201 6
37217 6
37223 6
37243 6
37253 6
37273 6
37277 6
37307 6
37309 6
37313 6
37321 6
37337 6
37339 6
37357 6
37361 6
37363 6
37369 6
37379 6
37397 6
37409 6
37423 6
37441 6
37447 6
37463 6
37483 6
37489 6
37493 6
37501 6
37507 6
37511 6
37517 6
37529 6
37537 6
37547 6
37549 6
37561 6
37567 6
37571 6
37573 6
37579 6
37589 6
37591 6
37607 6
37619 6
37633 6
37643 6
37649 6
37657 6
37663 6
37691 6
37693 6
37699 6
37717 6
37747 6
37781 6
37783 6
37799 6
37811 6
37813 6
37831 6
37847 6
37853 6
37861 6
37871 6
37879 6
37889 6
37897 6
37907 6
37951 6
37957 6
37963 6
37967 6
37987 6
37991 6
37993 6
37997 6
38011 6
38039 6
38047 6
38053 6
38069 6
38083 6
38113 6
38119 6
38149 6
38153 6
38167 6
38177 6
38183 6
38189 6
38197 6
38201 6
38219 6
38231 6
38237 6
38239 6
38261 6
38273 6
38281 6
38287 6
38299 6
38303 6
38317 6
38321 6
38327 6
38329 6
38333 6
38351 6
38371 6
38377 6
38393 6
38431 6
38447 6
38449 6
38453 6
38459 6
38461 6
38501 6
38543 6
38557 6
38561 6
38567 6
38569 6
38593 6
38603 6
38609 6
38611 6
38629 6
38639 6
38651 6
38653 6
38669 6
38671 6
38677 6
38693 6
38699 6
38707 6
38711 6
38713 6
38723 6
38729 6
38737 6
38747 6
38749 6
38767 6
38783 6
38791 6
38803 6
38821 6
38833 6
38839 6
38851 6
38861 6
38867 6
38873 6
38891 6
38903 6
38917 6
38921 6
38923 6
38933 6
38953 6
38959 6
38971 6
38977 6
38993 6
39019 6
39023 6
39041 6
39043 6
39047 6
39079 6
39089 6
39097 6
39103 6
39107 6
39113 6
39119 6
39133 6
39139 6
39157 6
39161 6
39163 6
39181 6
39191 6
39199 6
39209 6
39217 6
39227 6
39229 6
39233 6
39239 6
39241 6
39251 6
39293 6
39301 6
39313 6
39317 6
39323 6
39341 6
39343 6
39359 6
39367 6
39371 6
39373 6
39383 6
39397 6
39409 6
39419 6
39439 6
39443 6
39451 6
39461 6
39499 6
39503 6
39509 6
39511 6
39521 6
39541 6
39551 6
39563 6
39569 6
39581 6
39607 6
39619 6
39623 6
39631 6
39659 6
39667 6
39671 6
39679 6
39703 6
39709 6
39719 6
39727 6
39733 6
39749 6
39761 6
39769 6
39779 6
39791 6
39799 6
39821 6
39827 6
39829 6
39839 6
39841 6
39847 6
39857 6
39863 6
39869 6
39877 6
39883 6
39887 6
39901 6
39929 6
39937 6
39953 6
39971 6
39979 6
39983 6
39989 6
40009 6
40013 6
40031 6
40037 6
40039 6
40063 6
40087 6
40093 6
40099 6
40111 6
40123 6
40127 6
40129 6
40151 6
40153 6
40163 5
40169 6
40177 6
40189 6
40193 6
40213 6
40231 6
40237 6
40241 6
40253 6
40277 6
40283 6
40289 6
40343 6
40351 6
40357 6
40361 6
40387 6
40423 6
40427 6
40429 6
40433 6
40459 6
40471 6
40483 6
40487 6
40493 6
40499 6
40507 6
40519 6
40529 6
40531 6
40543 6
40559 6
40577 6
40583 6
40591 6
40597 6
40609 6
40627 6
40637 6
40639 6
40693 6
40697 6
40699 6
40709 6
40739 6
40751 6
40759 6
40763 6
40771 6
40787 6
40801 6
40813 6
40819 6
40823 6
40829 6
40841 6
40847 6
40849 6
40853 6
40867 6
40879 6
40883 6
40897 6
40903 6
40927 6
40933 6
40939 6
40949 6
40961 6
40973 6
40993 6
41011 6
41017 6
41023 6
41039 6
41047 6
41051 6
41057 6
41077 6
41081 6
41113 6
41117 6
41131 6
41141 6
41143 6
41149 6
41161 6
41177 6
41179 6
41183 6
41189 6
41201 6
41203 6
41213 6
41221 6
41227 6
41231 6
41233 6
41243 6
41257 6
41263 6
41269 6
41281 6
41299 6
41333 6
41341 6
41351 6
41357 6
41381 6
41387 6
41389 6
41399 6
41411 6
41413 6
41443 6
41453 6
41467 6
41479 6
41491 6
41507 6
41513 6
41519 6
41521 6
41539 6
41543 6
41549 6
41579 6
41593 6
41597 6
41603 6
41609 6
41611 6
41617 6
41621 6
41627 6
41641 6
41647 6
41651 6
41659 6
41669 6
41681 6
41687 6
41719 6
41729 6
41737 6
41759 6
41761 6
41771 6
41777 6
41801 6
41809 6
41813 6
41843 6
41849 6
41851 6
41863 6
41879 6
41887 6
41893 6
41897 6
41903 6
41911 6
41927 6
41941 6
41947 6
41953 6
41957 6
41959 6
41969 6
41981 6
41983 6
41999 6
42013 6
42017 6
42019 6
42023 6
42043 6
42061 6
42071 6
42073 6
42083 6
42089 6
42101 6
42131 6
42139 6
42157 6
42169 6
42179 6
42181 6
42187 6
42193 6
42197 6
42209 6
42221 6
42223 6
42227 6
42239 6
42257 6
42281 6
42283 6
42293 6
42299 6
42307 6
42323 5
42331 6
42337 6
42349 6
42359 6
42373 6
42379 6
42391 6
42397 6
42403 6
42407 6
42409 6
42433 6
42437 6
42443 6
42451 6
42457 6
42461 6
42463 6
42467 6
42473 6
42487 6
42491 6
42499 6
42509 6
42533 6
42557 6
42569 6
42571 6
42577 6
42589 6
42611 6
42641 6
42643 6
42649 6
42667 6
42677 6
42683 6
42689 6
42697 6
42701 6
42703 6
42709 6
42719 6
42727 6
42737 6
42743 6
42751 6
42767 6
42773 6
42787 6
42793 6
42797 6
42821 6
42829 6
42839 6
42841 6
42853 6
42859 6
42863 6
42899 6
42901 6
42923 6
42929 6
42937 6
42943 6
42953 6
42961 6
42967 6
42979 6
42989 6
43003 6
43013 6
43019 6
43037 6
43049 6
43051 6
43063 6
43067 6
43093 6
43103 6
43117 6
43133 6
43151 6
43159 6
43177 6
43189 6
43201 6
43207 6
43223 6
43237 6
43261 6
43271 6
43283 6
43291 6
43313 6
43319 6
43321 6
43331 6
43391 6
43397 6
43399 6
43403 6
43411 6
43427 6
43441 6
43451 6
43457 6
43481 6
43487 6
43499 6
43517 6
43541 6
43543 6
43573 6
43577 6
43579 6
43591 6
43597 6
43607 6
43609 6
43613 6
43627 6
43633 6
43649 6
43651 6
43661 6
43669 6
43691 6
43711 6
43717 6
43721 6
43753 6
43759 6
43777 6
43781 6
43783 6
43787 6
43789 6
43793 6
43801 6
43853 6
43867 6
43889 6
43891 6
43913 6
43933 6
43943 5
43951 6
43961 6
43963 6
43969 6
43973 6
43987 6
43991 6
43997 6
44017 6
44021 6
44027 6
44029 6
44041 6
44053 6
44059 6
44071 6
44087 6
44089 6
44101 6
44111 6
44119 6
44123 6
44129 6
44131 6
44159 6
44171 6
44179 6
44189 6
44201 6
44203 6
44207 6
44221 6
44249 6
44257 6
44263 6
44267 6
44269 6
44273 6
44279 6
44281 6
44293 6
44351 6
44357 6
44371 6
44381 6
44383 6
44389 6
44417 6
44449 6
44453 6
44483 6
44491 6
44497 6
44501 6
44507 6
44519 6
44531 6
44533 6
44537 6
44543 6
44549 6
44563 6
44579 6
44587 6
44617 6
44621 6
44623 6
44633 6
44641 6
44647 6
44651 6
44657 6
44683 6
44687 6
44699 6
44701 6
44711 6
44729 6
44741 6
44753 6
44771 6
44773 6
44777 6
44789 6
44797 6
44809 6
44819 6
44839 6
44843 6
44851 6
44867 6
44879 6
44887 6
44893 6
44909 6
44917 6
44927 6
44939 6
44953 6
44959 6
44963 6
44971 6
44983 6
44987 6
45007 6
45013 6
45053 6
45061 6
45077 6
45083 6
45119 6
45121 6
45127 6
45131 6
45137 6
45139 6
45161 6
45179 6
45181 6
45191 6
45197 6
45233 6
45247 6
45259 6
45263 6
45281 6
45289 6
45293 6
45307 6
45317 6
45319 6
45329 6
45337 6
45341 6
45343 6
45361 6
45377 6
45389 6
45403 6
45413 6
45427 6
45433 6
45439 6
45481 6
45491 6
45497 6
45503 6
45523 6
45533 6
45541 6
45553 6
45557 6
45569 6
45587 6
45589 6
45599 6
45613 6
45631 6
45641 6
45659 6
45667 6
45673 6
45677 6
45691 6
45697 6
45707 6
45737 6
45751 6
45757 6
45763 6
45767 6
45779 6
45817 6
45821 6
45823 6
45827 6
45833 6
45841 6
45853 6
45863 6
45869 6
45887 6
45893 6
45943 6
45949 6
45953 6
45959 6
45971 6
45979 6
45989 6
46021 6
46027 6
46049 6
46051 6
46061 6
46073 6
46091 6
46093 6
46099 6
46103 6
46133 6
46141 6
46147 6
46153 6
46171 6
46181 6
46183 6
46187 6
46199 6
46219 6
46229 6
46237 6
46261 6
46271 6
46273 6
46279 6
46301 6
46307 6
46309 6
46327 6
46337 6
46349 6
46351 6
46381 6
46399 6
46411 6
46439 6
46441 6
46447 6
46451 6
46457 6
46471 6
46477 6
46489 6
46499 6
46507 6
46511 6
46523 6
46549 6
46559 6
46567 6
46573 6
46589 6
46591 6
46601 6
46619 6
46633 6
46639 6
46643 6
46649 6
46663 6
46679 6
46681 6
46687 6
46691 6
46703 6
46723 6
46727 6
46747 6
46751 6
46757 6
46769 6
46771 6
46807 6
46811 6
46817 6
46819 6
46829 6
46831 6
46853 6
46861 6
46867 6
46877 6
46889 6
46901 6
46919 6
46933 6
46957 6
46993 6
46997 6
47017 6
47041 6
47051 6
47057 6
47059 6
47087 6
47093 6
47111 6
47119 6
47123 6
47129 6
47137 6
47143 6
47147 6
47149 6
47161 6
47189 6
47207 6
47221 6
47237 6
47251 6
47269 6
47279 6
47287 6
47293 6
47297 6
47303 6
47309 6
47317 6
47339 6
47351 6
47353 6
47363 6
47381 6
47387 6
47389 6
47407 6
47417 6
47419 6
47431 6
47441 6
47459 6
47491 6
47497 6
47501 6
47507 6
47513 6
47521 6
47527 6
47533 6
47543 6
47563 6
47569 6
47581 6
47591 6
47599 6
47609 6
47623 6
47629 6
47639 6
47653 6
47657 6
47659 6
47681 6
47699 6
47701 6
47711 6
47713 6
47717 6
47737 6
47741 6
47743 6
47777 6
47779 6
47791 6
47797 6
47807 6
47809 6
47819 6
47837 6
47843 6
47857 6
47869 6
47881 6
47903 6
47911 6
47917 6
47933 6
47939 6
47947 6
47951 6
47963 6
47969 6
47977 6
47981 6
48017 6
48023 6
48029 6
48049 6
48073 6
48079 6
48091 6
48109 6
48119 6
48121 6
48131 6
48157 6
48163 6
48179 6
48187 6
48193 6
48197 6
48221 6
48239 6
48247 6
48259 6
48271 6
48281 6
48299 6
48311 6
48313 6
48337 6
48341 6
48353 6
48371 6
48383 6
48397 6
48407 6
48409 6
48413 6
48437 6
48449 6
48463 6
48473 6
48479 6
48481 6
48487 6
48491 6
48497 6
48523 6
48527 6
48533 6
48539 6
48541 6
48563 6
48571 6
48589 6
48593 6
48611 6
48619 6
48623 6
48647 6
48649 6
48661 6
48673 6
48677 6
48679 6
48731 6
48733 6
48751 6
48757 6
48761 6
48767 6
48779 6
48781 6
48787 6
48799 6
48809 6
48817 6
48821 6
48823 6
48847 6
48857 6
48859 6
48869 6
48871 6
48883 6
48889 6
48907 6
48947 6
48953 6
48973 6
48989 6
48991 6
49003 6
49009 6
49019 6
49031 6
49033 6
49037 6
49043 6
49057 6
49069 6
49081 6
49103 6
49109 6
49117 6
49121 6
49123 6
49139 6
49157 6
49169 6
49171 6
49177 6
49193 6
49199 6
49201 6
49207 6
49211 6
49223 6
49253 6
49261 6
49277 6
49279 6
49297 6
49307 6
49331 6
49333 6
49339 6
49363 6
49367 6
49369 6
49391 6
49393 6
49409 6
49411 6
49417 6
49429 6
49433 6
49451 6
49459 6
49463 6
49477 6
49481 6
49499 6
49523 6
49529 6
49531 6
49537 6
49547 6
49549 6
49559 6
49597 6
49603 6
49613 6
49627 6
49633 6
49639 6
49663 6
49667 6
49669 6
49681 6
49697 6
49711 6
49727 6
49739 6
49741 6
49747 6
49757 6
49783 6
49787 6
49789 6
49801 6
49807 6
49811 6
49823 6
49831 6
49843 6
49853 6
49871 6
49877 6
49891 6
49919 6
49921 6
49927 6
49937 6
49939 6
49943 6
49957 6
49991 6
49993 6
49999 6
50021 6
50023 6
50033 6
50047 6
50051 6
50053 6
50069 6
50077 6
50087 6
50093 6
50101 6
50111 6
50119 6
50123 6
50129 6
50131 6
50147 6
50153 6
50159 6
50177 6
50207 6
50221 6
50227 6
50231 6
50261 6
50263 6
50273 6
50287 6
50291 6
50311 6
50321 6
50329 6
50333 6
50341 6
50359 6
50363 6
50377 6
50383 6
50387 6
50411 6
50417 6
50423 6
50441 6
50459 6
50461 6
50497 6
50503 6
50513 6
50527 6
50539 6
50543 6
50549 6
50551 6
50581 6
50587 6
50591 6
50593 6
50599 6
50627 6
50647 6
50651 6
50671 6
50683 6
50707 6
50723 6
50741 6
50753 6
50767 6
50773 6
50777 6
50789 6
50821 6
50833 6
50839 6
50849 6
50857 6
50867 6
50873 6
50891 6
50893 6
50909 6
50923 6
50929 6
50951 6
50957 6
50969 6
50971 6
50989 6
50993 6
51001 6
51031 6
51043 6
51047 6
51059 6
51061 6
51071 6
51109 6
51131 6
51133 6
51137 6
51151 6
51157 6
51169 6
51193 6
51197 6
51199 6
51203 6
51217 6
51229 6
51239 6
51241 6
51257 6
51263 6
51283 6
51287 6
51307 6
51329 6
51341 6
51343 6
51347 6
51349 6
51361 6
51383 6
51407 6
51413 6
51419 6
51421 6
51427 6
51431 6
51437 6
51439 6
51449 6
51461 6
51473 6
51479 6
51481 6
51487 6
51503 6
51511 6
51517 6
51521 6
51539 6
51551 6
51563 6
51577 6
51581 6
51593 6
51599 6
51607 6
51613 6
51631 6
51637 6
51647 6
51659 6
51673 6
51679 6
51683 6
51691 6
51713 6
51719 6
51721 6
51749 6
51767 6
51769 6
51787 6
51797 6
51803 6
51817 6
51827 6
51829 6
51839 6
51853 6
51859 6
51869 6
51871 6
51893 6
51899 6
51907 6
51913 6
51929 6
51941 6
51949 6
51971 6
51973 6
51977 6
51991 6
52009 6
52021 6
52027 6
52051 6
52057 6
52067 6
52069 6
52081 6
52103 6
52121 6
52127 6
52147 6
52153 6
52163 6
52177 6
52181 6
52183 6
52189 6
52201 6
52223 6
52237 6
52249 6
52253 6
52259 6
52267 6
52289 6
52291 6
52301 6
52313 6
52321 6
52361 6
52363 6
52369 6
52379 6
52387 6
52391 6
52433 6
52453 6
52457 6
52489 6
52501 6
52511 6
52517 6
52529 6
52541 6
52543 6
52553 6
52561 6
52567 6
52571 6
52579 6
52583 6
52609 6
52627 6
52631 6
52639 6
52667 6
52673 6
52691 6
52697 6
52709 6
52711 6
52721 6
52727 6
52733 6
52747 6
52757 6
52769 6
52783 6
52807 6
52813 6
52817 6
52837 6
52859 6
52861 6
52879 6
52883 6
52889 6
52901 6
52903 6
52919 6
52937 6
52951 6
52957 6
52963 6
52967 6
52973 6
52981 6
52999 6
53003 6
53017 6
53047 6
53051 6
53069 6
53077 6
53087 6
53089 6
53093 6
53101 6
53113 6
53117 6
53129 6
53147 6
53149 6
53161 6
53171 6
53173 6
53189 6
53197 6
53201 6
53231 6
53233 6
53239 6
53267 6
53269 6
53279 6
53281 6
53299 6
53309 6
53323 6
53327 6
53353 6
53359 6
53377 6
53381 6
53401 6
53407 6
53411 6
53419 6
53437 6
53441 6
53453 6
53479 6
53503 6
53507 6
53527 6
53549 6
53551 6
53569 6
53591 6
53593 6
53597 6
53609 6
53611 6
53617 6
53623 6
53629 6
53633 6
53639 6
53653 6
53657 6
53681 6
53693 6
53699 6
53717 6
53719 6
53731 6
53759 6
53773 6
53777 6
53783 6
53791 6
53813 6
53819 6
53831 6
53849 6
53857 6
53861 6
53881 6
53887 6
53891 6
53897 6
53899 6
53917 6
53923 6
53927 6
53939 6
53951 6
53959 6
53987 6
53993 6
54001 6
54011 6
54013 6
54037 6
54049 6
54059 6
54083 6
54091 6
54101 6
54121 6
54133 6
54139 6
54151 6
54163 6
54167 6
54181 6
54193 6
54217 6
54251 6
54269 6
54277 6
54287 6
54293 6
54311 6
54319 6
54323 6
54331 6
54347 6
54361 6
54367 6
54371 6
54377 6
54401 6
54403 6
54409 6
54413 6
54419 6
54421 6
54437 6
54443 6
54449 6
54469 6
54493 6
54497 6
54499 6
54503 6
54517 6
54521 6
54539 6
54541 6
54547 6
54559 6
54563 6
54577 6
54581 6
54583 6
54601 6
54617 6
54623 6
54629 6
54631 6
54647 6
54667 6
54673 6
54679 6
54709 6
54713 6
54721 6
54727 6
54751 6
54767 6
54773 6
54779 6
54787 6
54799 6
54829 6
54833 6
54851 6
54869 6
54877 6
54881 6
54907 6
54917 6
54919 6
54941 6
54949 6
54959 6
54973 6
54979 6
54983 6
55001 6
55009 6
55021 6
55049 6
55051 6
55057 6
55061 6
55073 6
55079 6
55103 6
55109 6
55117 6
55127 6
55147 6
55163 6
55171 6
55201 6
55207 6
55213 6
55217 6
55219 6
55229 6
55243 6
55249 6
55259 6
55291 6
55313 6
55331 6
55333 6
55337 6
55339 6
55343 6
55351 6
55373 6
55381 6
55399 6
55411 6
55439 6
55441 6
55457 6
55469 6
55487 6
55501 6
55511 6
55529 6
55541 6
55547 6
55579 6
55589 6
55603 6
55609 6
55619 6
55621 6
55631 6
55633 6
55639 6
55661 6
55663 6
55667 6
55673 6
55681 6
55691 6
55697 6
55711 6
55717 6
55721 6
55733 6
55763 6
55787 6
55793 6
55799 6
55807 6
55813 6
55817 6
55819 6
55823 6
55829 6
55837 6
55843 6
55849 6
55871 6
55889 6
55897 6
55901 6
55903 6
55921 6
55927 6
55931 6
55933 6
55949 6
55967 6
55987 6
55997 6
56003 6
56009 6
56039 6
56041 6
56053 6
56081 6
56087 6
56093 6
56099 6
56101 6
56113 6
56123 6
56131 6
56149 6
56167 6
56171 6
56179 6
56197 6
56207 6
56209 6
56237 6
56239 6
56249 6
56263 6
56267 6
56269 6
56299 6
56311 6
56333 6
56359 6
56369 6
56377 6
56383 6
56393 6
56401 6
56417 6
56431 6
56437 6
56443 6
56453 6
56467 6
56473 6
56477 6
56479 6
56489 6
56501 6
56503 6
56509 6
56519 6
56527 6
56531 6
56533 6
56543 6
56569 6
56591 6
56597 6
56599 6
56611 6
56629 6
56633 6
56659 6
56663 6
56671 6
56681 6
56687 6
56701 6
56711 6
56713 6
56731 6
56737 6
56747 6
56767 6
56773 6
56779 6
56783 6
56807 6
56809 6
56813 6
56821 6
56827 6
56843 6
56857 6
56873 6
56891 6
56893 6
56897 6
56909 6
56911 6
56921 6
56923 6
56929 6
56941 6
56951 6
56957 6
56963 6
56983 6
56989 6
56993 6
56999 6
57037 6
57041 6
57047 6
57059 6
57073 6
57077 6
57089 6
57097 6
57107 6
57119 6
57131 6
57139 6
57143 6
57149 6
57163 6
57173 6
57179 6
57191 6
57193 6
57203 6
57221 6
57223 6
57241 6
57251 6
57259 6
57269 6
57271 6
57283 6
57287 6
57301 6
57329 6
57331 6
57347 6
57349 6
57367 6
57373 6
57383 6
57389 6
57397 6
57413 6
57427 6
57457 6
57467 6
57487 6
57493 6
57503 6
57527 6
57529 6
57557 6
57559 6
57571 6
57587 6
57593 6
57601 6
57637 6
57641 6
57649 6
57653 6
57667 6
57679 6
57689 6
57697 6
57709 6
57713 6
57719 6
57727 6
57731 6
57737 6
57751 6
57773 6
57781 6
57787 6
57791 6
57793 6
57803 6
57809 6
57829 6
57839 6
57847 6
57853 6
57859 6
57881 6
57899 6
57901 6
57917 6
57923 6
57943 6
57947 6
57973 6
57977 6
57991 6
58013 6
58027 6
58031 6
58043 6
58049 6
58057 6
58061 6
58067 6
58073 6
58099 6
58109 6
58111 6
58129 6
58147 6
58151 6
58153 6
58169 6
58171 6
58189 6
58193 6
58199 6
58207 6
58211 6
58217 6
58229 6
58231 6
58237 6
58243 6
58271 6
58309 6
58313 6
58321 6
58337 6
58363 6
58367 6
58369 6
58379 6
58391 6
58393 6
58403 6
58411 6
58417 6
58427 6
58439 6
58441 6
58451 6
58453 6
58477 6
58481 6
58511 6
58537 6
58543 6
58549 6
58567 6
58573 6
58579 6
58601 6
58603 6
58613 6
58631 6
58657 6
58661 6
58679 6
58687 6
58693 6
58699 6
58711 6
58727 6
58733 6
58741 6
58757 6
58763 6
58771 6
58787 6
58789 6
58831 6
58889 6
58897 6
58901 6
58907 6
58909 6
58913 6
58921 6
58937 6
58943 6
58963 6
58967 6
58979 6
58991 6
58997 6
59009 6
59011 6
59021 6
59023 6
59029 6
59051 6
59053 6
59063 6
59069 6
59077 6
59083 6
59093 6
59107 6
59113 6
59119 6
59123 6
59141 6
59149 6
59159 6
59167 6
59183 6
59197 6
59207 6
59209 6
59219 6
59221 6
59233 6
59239 6
59243 6
59263 6
59273 6
59281 6
59333 6
59341 6
59351 6
59357 6
59359 6
59369 6
59377 6
59387 6
59393 6
59399 6
59407 6
59417 6
59419 6
59441 6
59443 6
59447 6
59453 6
59467 6
59471 6
59473 6
59497 6
59509 6
59513 6
59539 6
59557 6
59561 6
59567 6
59581 6
59611 6
59617 6
59621 6
59627 6
59629 6
59651 6
59659 6
59663 6
59669 6
59671 6
59693 6
59699 6
59707 6
59723 6
59729 6
59743 6
59747 6
59753 6
59771 6
59779 6
59791 6
59797 6
59809 6
59833 6
59863 6
59879 6
59887 6
59921 6
59929 6
59951 6
59957 6
59971 6
59981 6
59999 6
60013 6
60017 6
60029 6
60037 6
60041 6
60077 6
60083 6
60089 6
60091 6
60101 6
60103 6
60107 6
60127 6
60133 6
60139 6
60149 6
60161 6
60167 6
60169 6
60209 6
60217 6
60223 6
60251 6
60257 6
60259 6
60271 6
60289 6
60293 6
60317 6
60331 6
60337 6
60343 6
60353 6
60373 6
60383 6
60397 6
60413 6
60427 6
60443 6
60449 6
60457 6
60493 6
60497 6
60509 6
60521 6
60527 6
60539 6
60589 6
60601 6
60607 6
60611 6
60617 6
60623 6
60631 6
60637 6
60647 6
60649 6
60659 6
60661 6
60679 6
60689 6
60703 6
60719 6
60727 6
60733 6
60737 6
60757 6
60761 6
60763 6
60773 6
60779 6
60793 6
60811 6
60821 6
60859 6
60869 6
60887 6
60889 6
60899 6
60901 6
60913 6
60917 6
60919 6
60923 6
60937 6
60943 6
60953 6
60961 6
61001 6
61007 6
61027 6
61031 6
61043 6
61051 6
61057 6
61091 6
61099 6
61121 6
61129 6
61141 6
61151 6
61153 6
61169 6
61211 6
61223 6
61231 6
61253 6
61261 6
61283 6
61291 6
61297 6
61331 6
61333 6
61339 6
61343 6
61357 6
61363 6
61379 6
61381 6
61403 6
61409 6
61417 6
61441 6
61463 6
61469 6
61471 6
61483 6
61487 6
61493 6
61507 6
61511 6
61519 6
61543 6
61547 6
61553 6
61559 6
61561 6
61583 6
61603 6
61609 6
61613 6
61627 6
61631 6
61637 6
61643 6
61651 6
61657 6
61667 6
61673 6
61681 6
61687 6
61703 6
61717 6
61723 6
61729 6
61751 6
61757 6
61781 6
61813 6
61819 6
61837 6
61843 6
61861 6
61871 6
61879 6
61909 6
61927 6
61933 6
61949 6
61961 6
61967 6
61979 6
61981 6
61987 6
61991 6
62003 6
62011 6
62017 6
62039 6
62047 6
62053 6
62057 6
62071 6
62081 6
62099 6
62119 6
62129 6
62131 6
62137 6
62141 6
62143 6
62171 6
62189 6
62191 6
62201 6
62207 6
62213 6
62219 6
62233 6
62273 6
62297 6
62299 6
62303 6
62311 6
62323 6
62327 6
62347 6
62351 6
62383 6
62401 6
62417 6
62423 6
62459 6
62467 6
62473 6
62477 6
62483 6
62497 6
62501 6
62507 6
62533 6
62539 6
62549 6
62563 6
62581 6
62591 6
62597 6
62603 6
62617 6
62627 6
62633 6
62639 6
62653 6
62659 6
62683 6
62687 6
62701 6
62723 6
62731 6
62743 6
62753 6
62761 6
62773 6
62791 6
62801 6
62819 6
62827 6
62851 6
62861 6
62869 6
62873 6
62897 6
62903 6
62921 6
62927 6
62929 6
62939 6
62969 6
62971 6
62981 6
62983 6
62987 6
62989 6
63029 6
63031 6
63059 6
63067 6
63073 6
63079 6
63097 6
63103 6
63113 6
63127 6
63131 6
63149 6
63179 6
63197 6
63199 6
63211 6
63241 6
63247 6
63277 6
63281 6
63299 6
63311 6
63313 6
63317 6
63331 6
63337 6
63347 6
63353 6
63361 6
63367 6
63377 6
63389 6
63391 6
63397 6
63409 6
63419 6
63421 6
63439 6
63443 6
63463 6
63467 6
63473 6
63487 6
63493 6
63499 6
63521 6
63527 6
63533 6
63541 6
63559 6
63577 6
63587 6
63589 6
63599 6
63601 6
63607 6
63611 6
63617 6
63629 6
63647 6
63649 6
63659 6
63667 6
63671 6
63689 6
63691 6
63697 6
63703 6
63709 6
63719 6
63727 6
63737 6
63743 6
63761 6
63773 6
63781 6
63793 6
63799 6
63803 6
63809 6
63823 6
63839 6
63841 6
63853 6
63857 6
63863 6
63901 6
63907 6
63913 6
63929 6
63949 6
63977 6
63997 6
64007 6
64013 6
64019 6
64033 6
64037 6
64063 6
64067 6
64081 6
64091 6
64109 6
64123 6
64151 6
64153 6
64157 6
64171 6
64187 6
64189 6
64217 6
64223 6
64231 6
64237 6
64271 6
64279 6
64283 6
64301 6
64303 6
64319 6
64327 6
64333 6
64373 6
64381 6
64399 6
64403 6
64433 6
64439 6
64451 6
64453 6
64483 6
64489 6
64499 6
64513 6
64553 6
64567 6
64577 6
64579 6
64591 6
64601 6
64609 6
64613 6
64621 6
64627 6
64633 6
64661 6
64663 6
64667 6
64679 6
64693 6
64709 6
64717 6
64747 6
64763 6
64781 6
64783 6
64793 6
64811 6
64817 6
64849 6
64853 6
64871 6
64877 6
64879 6
64891 6
64901 6
64919 6
64921 6
64927 6
64937 6
64951 6
64969 6
64997 6
65003 6
65011 6
65027 6
65029 6
65033 6
65053 6
65063 6
65071 6
65089 6
65099 6
65101 6
65111 6
65119 6
65123 6
65129 6
65141 6
65147 6
65167 6
65171 6
65173 6
65179 6
65183 6
65203 6
65213 6
65239 6
65257 6
65267 6
65269 6
65287 6
65293 6
65309 6
65323 6
65327 6
65353 6
65357 6
65371 6
65381 6
65393 6
65407 6
65413 6
65419 6
65423 6
65437 6
65447 6
65449 6
65479 6
65497 6
65519 6
65521 6
65537 6
65539 6
65543 6
65551 6
65557 6
65563 6
65579 6
65581 6
65587 6
65599 6
65609 6
65617 6
65629 6
65633 6
65647 6
65651 6
65657 6
65677 6
65687 6
65699 6
65701 6
65707 6
65713 6
65717 6
65719 6
65729 6
65731 6
65761 6
65777 6
65789 6
65809 6
65827 6
65831 6
65837 6
65839 6
65843 6
65851 6
65867 6
65881 6
65899 6
65921 6
65927 6
65929 6
65951 6
65957 6
65963 6
65981 6
65983 6
65993 6
66029 6
66037 6
66041 6
66047 6
66067 6
66071 6
66083 6
66089 6
66103 6
66107 6
66109 6
66137 6
66161 6
66169 6
66173 6
66179 6
66191 6
66221 6
66239 6
66271 6
66293 6
66301 6
66337 6
66343 6
66347 6
66359 6
66361 6
66373 6
66377 6
66383 6
66403 6
66413 6
66431 6
66449 6
66457 6
66463 6
66467 6
66491 6
66499 6
66509 6
66523 6
66529 6
66533 6
66541 6
66553 6
66569 6
66571 6
66587 6
66593 6
66601 6
66617 6
66629 6
66643 6
66653 6
66683 6
66697 6
66701 6
66713 6
66721 6
66733 6
66739 6
66749 6
66751 6
66763 6
66791 6
66797 6
66809 6
66821 6
66841 6
66851 6
66853 6
66863 6
66877 6
66883 6
66889 6
66919 6
66923 6
66931 6
66943 6
66947 6
66949 6
66959 6
66973 6
66977 6
67003 6
67021 6
67033 6
67043 6
67049 6
67057 6
67061 6
67073 6
67079 6
67103 6
67121 6
67129 6
67139 6
67141 6
67153 6
67157 6
67169 6
67181 6
67187 6
67189 6
67211 6
67213 6
67217 6
67219 6
67231 6
67247 6
67261 6
67271 6
67273 6
67289 6
67307 6
67339 6
67343 6
67349 6
67369 6
67391 6
67399 6
67409 6
67411 6
67421 6
67427 6
67429 6
67433 6
67447 6
67453 6
67477 6
67481 6
67489 6
67493 6
67499 6
67511 6
67523 6
67531 6
67537 6
67547 6
67559 6
67567 6
67577 6
67579 6
67589 6
67601 6
67607 6
67619 6
67631 6
67651 6
67679 6
67699 6
67709 6
67723 6
67733 6
67741 6
67751 6
67757 6
67759 6
67763 6
67777 6
67783 6
67789 6
67801 6
67807 6
67819 6
67829 6
67843 6
67853 6
67867 6
67883 6
67891 6
67901 6
67927 6
67931 6
67933 6
67939 6
67943 6
67957 6
67961 6
67967 6
67979 6
67987 6
67993 6
68023 6
68041 6
68053 6
68059 6
68071 6
68087 6
68099 6
68111 6
68113 6
68141 6
68147 6
68161 6
68171 6
68207 6
68209 6
68213 6
68219 6
68227 6
68239 6
68261 6
68279 6
68281 6
68311 6
68329 6
68351 6
68371 6
68389 6
68399 6
68437 6
68443 6
68447 6
68449 6
68473 6
68477 6
68483 6
68489 6
68491 6
68501 6
68507 6
68521 6
68531 6
68539 6
68543 6
68567 6
68581 6
68597 6
68611 6
68633 6
68639 6
68659 6
68669 6
68683 6
68687 6
68699 6
68711 6
68713 6
68729 6
68737 6
68743 6
68749 6
68767 6
68771 6
68777 6
68791 6
68813 6
68819 6
68821 6
68863 6
68879 6
68881 6
68891 6
68897 6
68899 6
68903 6
68909 6
68917 6
68927 6
68947 6
68963 6
68993 6
69001 6
69011 6
69019 6
69029 6
69031 6
69061 6
69067 6
69073 6
69109 6
69119 6
69127 6
69143 6
69149 6
69151 6
69163 6
69191 6
69193 6
69197 6
69203 6
69221 6
69233 6
69239 6
69247 6
69257 6
69259 6
69263 6
69313 6
69317 6
69337 6
69341 6
69371 6
69379 6
69383 6
69389 6
69401 6
69403 6
69427 6
69431 6
69439 6
69457 6
69463 6
69467 6
69473 6
69481 6
69491 6
69493 6
69497 6
69499 6
69539 6
69557 6
69593 6
69623 6
69653 6
69661 6
69677 6
69691 6
69697 6
69709 6
69737 6
69739 6
69761 6
69763 6
69767 6
69779 6
69809 6
69821 6
69827 6
69829 6
69833 6
69847 6
69857 6
69859 6
69877 6
69899 6
69911 6
69929 6
69931 6
69941 6
69959 6
69991 6
69997 6
70001 6
70003 6
70009 6
70019 6
70039 6
70051 6
70061 6
70067 6
70079 6
70099 6
70111 6
70117 6
70121 6
70123 6
70139 6
70141 6
70157 6
70163 6
70177 6
70181 6
70183 6
70199 6
70201 6
70207 6
70223 6
70229 6
70237 6
70241 6
70249 6
70271 6
70289 6
70297 6
70309 6
70313 6
70321 6
70327 6
70351 6
70373 6
70379 6
70381 6
70393 6
70423 6
70429 6
70439 6
70451 6
70457 6
70459 6
70481 6
70487 6
70489 6
70501 6
70507 6
70529 6
70537 6
70549 6
70571 6
70573 6
70583 6
70589 6
70607 6
70619 6
70621 6
70627 6
70639 6
70657 6
70663 6
70667 6
70687 6
70709 6
70717 6
70729 6
70753 6
70769 6
70783 6
70793 6
70823 6
70841 6
70843 6
70849 6
70853 6
70867 6
70877 6
70879 6
70891 6
70901 6
70913 6
70919 6
70921 6
70937 6
70949 6
70951 6
70957 6
70969 6
70979 6
70981 6
70991 6
70997 6
70999 6
71011 6
71023 6
71039 6
71059 6
71069 6
71081 6
71089 6
71119 6
71129 6
71143 6
71147 6
71153 6
71161 6
71167 6
71171 6
71191 6
71209 6
71233 6
71237 6
71249 6
71257 6
71261 6
71263 6
71287 6
71293 6
71317 6
71327 6
71329 6
71333 6
71339 6
71341 6
71347 6
71353 6
71359 6
71363 6
71387 6
71389 6
71399 6
71411 6
71413 6
71419 6
71429 6
71437 6
71443 6
71453 6
71471 6
71473 6
71479 6
71483 6
71503 6
71527 6
71537 6
71549 6
71551 6
71563 6
71569 6
71593 6
71597 6
71633 6
71647 6
71663 6
71671 6
71693 6
71699 6
71707 6
71711 6
71713 6
71719 6
71741 6
71761 6
71777 6
71789 6
71807 6
71809 6
71821 6
71837 6
71843 6
71849 6
71861 6
71867 6
71879 6
71881 6
71887 6
71899 6
71909 6
71917 6
71933 6
71941 6
71947 6
71963 6
71971 6
71983 6
71987 6
71993 6
71999 6
72019 6
72031 6
72043 6
72047 6
72053 6
72073 6
72077 6
72089 6
72091 6
72101 6
72103 6
72109 6
72139 6
72161 6
72167 6
72169 6
72173 6
72211 6
72221 6
72223 6
72227 6
72229 6
72251 6
72253 6
72269 6
72271 6
72277 6
72287 6
72307 6
72313 6
72337 6
72341 6
72353 6
72367 6
72379 6
72383 6
72421 6
72431 6
72461 6
72467 6
72469 6
72481 6
72493 6
72497 6
72503 6
72533 6
72547 6
72551 6
72559 6
72577 6
72613 6
72617 6
72623 6
72643 6
72647 6
72649 6
72661 6
72671 6
72673 6
72679 6
72689 6
72701 6
72707 6
72719 6
72727 6
72733 6
72739 6
72763 6
72767 6
72797 6
72817 6
72823 6
72859 6
72869 6
72871 6
72883 6
72889 6
72893 6
72901 6
72907 6
72911 6
72923 6
72931 6
72937 6
72949 6
72953 6
72959 6
72973 6
72977 6
72997 6
73009 6
73013 6
73019 6
73037 6
73039 6
73043 6
73061 6
73063 6
73079 6
73091 6
73121 6
73127 6
73133 6
73141 6
73181 6
73189 6
73237 6
73243 6
73259 6
73277 6
73291 6
73303 6
73309 6
73327 6
73331 6
73351 6
73361 6
73363 6
73369 6
73379 6
73387 6
73417 6
73421 6
73433 6
73453 6
73459 6
73471 6
73477 6
73483 6
73517 6
73523 6
73529 6
73547 6
73553 6
73561 6
73571 6
73583 6
73589 6
73597 6
73607 6
73609 6
73613 6
73637 6
73643 6
73651 6
73673 6
73679 6
73681 6
73693 6
73699 6
73709 6
73721 6
73727 6
73751 6
73757 6
73771 6
73783 6
73819 6
73823 6
73847 6
73849 6
73859 6
73867 6
73877 6
73883 6
73897 6
73907 6
73939 6
73943 6
73951 6
73961 6
73973 6
73999 6
74017 6
74021 6
74027 6
74047 6
74051 6
74071 6
74077 6
74093 6
74099 6
74101 6
74131 6
74143 6
74149 6
74159 6
74161 6
74167 6
74177 6
74189 6
74197 6
74201 6
74203 6
74209 6
74219 6
74231 6
74257 6
74279 6
74287 6
74293 6
74297 6
74311 6
74317 6
74323 6
74353 6
74357 6
74363 6
74377 6
74381 6
74383 6
74411 6
74413 6
74419 6
74441 6
74449 6
74453 6
74471 6
74489 6
74507 6
74509 6
74521 6
74527 6
74531 6
74551 6
74561 6
74567 6
74573 6
74587 6
74597 6
74609 6
74611 6
74623 6
74653 6
74687 6
74699 6
74707 6
74713 6
74717 6
74719 6
74729 6
74731 6
74747 6
74759 6
74761 6
74771 6
74779 6
74797 6
74821 6
74827 6
74831 6
74843 6
74857 6
74861 6
74869 6
74873 6
74887 6
74891 6
74897 6
74903 6
74923 6
74929 6
74933 6
74941 6
74959 6
75011 6
75013 6
75017 6
75029 6
75037 6
75041 6
75079 6
75083 6
75109 6
75133 6
75149 6
75161 6
75167 6
75169 6
75181 6
75193 6
75209 6
75211 6
75217 6
75223 6
75227 6
75239 6
75253 6
75269 6
75277 6
75289 6
75307 6
75323 6
75329 6
75337 6
75347 6
75353 6
75367 6
75377 6
75389 6
75391 6
75401 6
75403 6
75407 6
75431 6
75437 6
75479 6
75503 6
75511 6
75521 6
75527 6
75533 6
75539 6
75541 6
75553 6
75557 6
75571 6
75577 6
75583 6
75611 6
75617 6
75619 6
75629 6
75641 6
75653 6
75659 6
75679 6
75683 6
75689 6
75703 6
75707 6
75709 6
75721 6
75731 6
75743 6
75767 6
75773 6
75781 6
75787 6
75793 6
75797 6
75821 6
75833 6
75853 6
75869 6
75883 6
75913 6
75931 6
75937 6
75941 6
75967 6
75979 6
75983 6
75989 6
75991 6
75997 6
76001 6
76003 6
76031 6
76039 6
76079 6
76081 6
76091 6
76099 6
76103 6
76123 6
76129 6
76147 6
76157 6
76159 6
76163 6
76207 6
76213 6
76231 6
76243 6
76249 6
76253 6
76259 6
76261 6
76283 6
76289 6
76303 6
76333 6
76343 6
76367 6
76369 6
76379 6
76387 6
76403 6
76421 6
76423 6
76441 6
76463 6
76471 6
76481 6
76487 6
76493 6
76507 6
76511 6
76519 6
76537 6
76541 6
76543 6
76561 6
76579 6
76597 6
76603 6
76607 6
76631 6
76649 6
76651 6
76667 6
76673 6
76679 6
76697 6
76717 6
76733 6
76753 6
76757 6
76771 6
76777 6
76781 6
76801 6
76819 6
76829 6
76831 6
76837 6
76847 6
76871 6
76873 6
76883 6
76907 6
76913 6
76919 6
76943 6
76949 6
76961 6
76963 6
76991 6
77003 6
77017 6
77023 6
77029 6
77041 6
77047 6
77069 6
77081 6
77093 6
77101 6
77137 6
77141 6
77153 6
77167 6
77171 6
77191 6
77201 6
77213 6
77237 6
77239 6
77243 6
77249 6
77261 6
77263 6
77267 6
77269 6
77279 6
77291 6
77317 6
77323 6
77339 6
77347 6
77351 6
77359 6
77369 6
77377 6
77383 6
77417 6
77419 6
77431 6
77447 6
77471 6
77477 6
77479 6
77489 6
77491 6
77509 6
77513 6
77521 6
77527 6
77543 6
77549 6
77551 6
77557 6
77563 6
77569 6
77573 6
77587 6
77591 6
77611 6
77617 6
77621 6
77641 6
77647 6
77659 6
77681 6
77687 6
77689 6
77699 6
77711 6
77713 6
77719 6
77723 6
77731 6
77743 6
77747 6
77761 6
77773 6
77783 6
77797 6
77801 6
77813 6
77839 6
77849 6
77863 6
77867 6
77893 6
77899 6
77929 6
77933 6
77951 6
77969 6
77977 6
77983 6
77999 6
78007 6
78017 6
78031 6
78041 6
78049 6
78059 6
78079 6
78101 6
78121 6
78137 6
78139 6
78157 6
78163 6
78167 6
78173 6
78179 6
78191 6
78193 6
78203 6
78229 6
78233 6
78241 6
78259 6
78277 6
78283 6
78301 6
78307 6
78311 6
78317 6
78341 6
78347 6
78367 6
78401 6
78427 6
78437 6
78439 6
78467 6
78479 6
78487 6
78497 6
78509 6
78511 6
78517 6
78539 6
78541 6
78553 6
78569 6
78571 6
78577 6
78583 6
78593 6
78607 6
78623 6
78643 6
78649 6
78653 6
78691 6
78697 6
78707 6
78713 6
78721 6
78737 6
78779 6
78781 6
78787 6
78791 6
78797 6
78803 6
78809 6
78823 6
78839 6
78853 6
78857 6
78877 6
78887 6
78889 6
78893 6
78901 6
78919 6
78929 6
78941 6
78977 6
78979 6
78989 6
79031 6
79039 6
79043 6
79063 6
79087 6
79103 6
79111 6
79133 6
79139 6
79147 6
79151 6
79153 6
79159 6
79181 6
79187 6
79193 6
79201 6
79229 6
79231 6
79241 6
79259 6
79273 6
79279 6
79283 6
79301 6
79309 6
79319 6
79333 6
79337 6
79349 6
79357 6
79367 6
79379 6
79393 6
79397 6
79399 6
79411 6
79423 6
79427 6
79433 6
79451 6
79481 6
79493 6
79531 6
79537 6
79549 6
79559 6
79561 6
79579 6
79589 6
79601 6
79609 6
79613 6
79621 6
79627 6
79631 6
79633 6
79657 6
79669 6
79687 6
79691 6
79693 6
79697 6
79699 6
79757 6
79769 6
79777 6
79801 6
79811 6
79813 6
79817 6
79823 6
79829 6
79841 6
79843 6
79847 6
79861 6
79867 6
79873 6
79889 6
79901 6
79903 6
79907 6
79939 6
79943 6
79967 6
79973 6
79979 6
79987 6
79997 6
79999 6
80021 6
80039 6
80051 6
80071 6
80077 6
80107 6
80111 6
80141 6
80147 6
80149 6
80153 6
80167 6
80173 6
80177 6
80191 6
80207 6
80209 6
80221 6
80231 6
80233 6
80239 6
80251 6
80263 6
80273 6
80279 6
80287 6
80309 6
80317 6
80329 6
80341 6
80347 6
80363 6
80369 6
80387 6
80407 6
80429 6
80447 6
80449 6
80471 6
80473 6
80489 6
80491 6
80513 6
80527 6
80537 6
80557 6
80567 6
80599 6
80603 6
80611 6
80621 6
80627 6
80629 6
80651 6
80657 6
80669 6
80671 6
80677 6
80681 6
80683 6
80687 6
80701 6
80713 6
80737 6
80747 6
80749 6
80761 6
80777 6
80779 6
80783 6
80789 6
80803 6
80809 6
80819 6
80831 6
80833 6
80849 6
80863 6
80897 6
80909 6
80911 6
80917 6
80923 6
80929 6
80933 6
80953 6
80963 6
80989 6
81001 6
81013 6
81017 6
81019 6
81023 6
81031 6
81041 6
81043 6
81047 6
81049 6
81071 6
81077 6
81083 6
81097 6
81101 6
81119 6
81131 6
81157 6
81163 6
81173 6
81181 6
81197 6
81199 6
81203 6
81223 6
81233 6
81239 6
81281 6
81283 6
81293 6
81299 6
81307 6
81331 6
81343 6
81349 6
81353 6
81359 6
81371 6
81373 6
81401 6
81409 6
81421 6
81439 6
81457 6
81463 6
81509 6
81517 6
81527 6
81533 6
81547 6
81551 6
81553 6
81559 6
81563 6
81569 6
81611 6
81619 6
81629 6
81637 6
81647 6
81649 6
81667 6
81671 6
81677 6
81689 6
81701 6
81703 6
81707 6
81727 6
81737 6
81749 6
81761 6
81769 6
81773 6
81799 6
81817 6
81839 6
81847 6
81853 6
81869 6
81883 6
81899 6
81901 6
81919 6
81929 6
81931 6
81937 6
81943 6
81953 6
81967 6
81971 6
81973 6
82003 6
82007 6
82009 6
82013 6
82021 6
82031 6
82037 6
82039 6
82051 6
82067 6
82073 6
82129 6
82139 6
82141 6
82153 6
82163 6
82171 6
82183 6
82189 6
82193 6
82207 6
82217 6
82219 6
82223 6
82231 6
82237 6
82241 6
82261 6
82267 6
82279 6
82301 6
82307 6
82339 6
82349 6
82351 6
82361 6
82373 6
82387 6
82393 6
82421 6
82457 6
82463 6
82469 6
82471 6
82483 6
82487 6
82493 6
82499 6
82507 6
82529 6
82531 6
82549 6
82559 6
82561 6
82567 6
82571 6
82591 6
82601 6
82609 6
82613 6
82619 6
82633 6
82651 6
82657 6
82699 6
82721 6
82723 6
82727 6
82729 6
82757 6
82759 6
82763 6
82781 6
82787 6
82793 6
82799 6
82811 6
82813 6
82837 6
82847 6
82883 6
82889 6
82891 6
82903 6
82913 6
82939 6
82963 6
82981 6
82997 6
83003 6
83009 6
83023 6
83047 6
83059 6
83063 6
83071 6
83077 6
83089 6
83093 6
83101 6
83117 6
83137 6
83177 6
83203 6
83207 6
83219 6
83221 6
83227 6
83231 6
83233 6
83243 6
83257 6
83267 6
83269 6
83273 6
83299 6
83311 6
83339 6
83341 6
83357 6
83383 6
83389 6
83399 6
83401 6
83407 6
83417 6
83423 6
83431 6
83437 6
83443 6
83449 6
83459 6
83471 6
83477 6
83497 6
83537 6
83557 6
83561 6
83563 6
83579 6
83591 6
83597 6
83609 6
83617 6
83621 6
83639 6
83641 6
83653 6
83663 6
83689 6
83701 6
83717 6
83719 6
83737 6
83761 6
83773 6
83777 6
83791 6
83813 6
83833 6
83843 6
83857 6
83869 6
83873 6
83891 6
83903 6
83911 6
83921 6
83933 6
83939 6
83969 6
83983 6
83987 6
84011 6
84017 6
84047 6
84053 6
84059 6
84061 6
84067 6
84089 6
84121 6
84127 6
84131 6
84137 6
84143 6
84163 6
84179 6
84181 6
84191 6
84199 6
84211 6
84221 6
84223 6
84229 6
84239 6
84247 6
84263 6
84299 6
84307 6
84313 6
84317 6
84319 6
84347 6
84349 6
84377 6
84389 6
84391 6
84401 6
84407 6
84421 6
84431 6
84437 6
84443 6
84449 6
84457 6
84463 6
84467 6
84481 6
84499 6
84503 6
84509 6
84521 6
84523 6
84533 6
84551 6
84559 6
84589 6
84629 6
84631 6
84649 6
84653 6
84659 6
84673 6
84691 6
84697 6
84701 6
84713 6
84719 6
84731 6
84737 6
84751 6
84761 6
84787 6
84793 6
84809 6
84811 6
84827 6
84857 6
84859 6
84869 6
84871 6
84913 6
84919 6
84947 6
84961 6
84967 6
84977 6
84979 6
84991 6
85009 6
85021 6
85027 6
85037 6
85049 6
85061 6
85081 6
85087 6
85091 6
85093 6
85103 6
85109 6
85121 6
85133 6
85147 6
85159 6
85193 6
85199 6
85201 6
85213 6
85223 6
85229 6
85237 6
85243 6
85247 6
85259 6
85297 6
85303 6
85313 6
85331 6
85333 6
85361 6
85363 6
85369 6
85381 6
85411 6
85427 6
85429 6
85439 6
85447 6
85451 6
85453 6
85469 6
85487 6
85513 6
85517 6
85523 6
85531 6
85549 6
85571 6
85577 6
85597 6
85601 6
85607 6
85619 6
85621 6
85627 6
85639 6
85643 6
85661 6
85667 6
85669 6
85691 6
85703 6
85711 6
85717 6
85733 6
85751 6
85781 6
85793 6
85817 6
85819 6
85829 6
85831 6
85837 6
85843 6
85847 6
85853 6
85889 6
85903 6
85909 6
85931 6
85933 6
85991 6
85999 6
86011 6
86017 6
86027 6
86029 6
86069 6
86077 6
86083 6
86111 6
86113 6
86117 6
86131 6
86137 6
86143 6
86161 6
86171 6
86179 6
86183 6
86197 6
86201 6
86209 6
86239 6
86243 6
86249 6
86257 6
86263 6
86269 6
86287 6
86291 6
86293 6
86297 6
86311 6
86323 6
86341 6
86351 6
86353 6
86357 6
86369 6
86371 6
86381 6
86389 6
86399 6
86413 6
86423 6
86441 6
86453 6
86461 6
86467 6
86477 6
86491 6
86501 6
86509 6
86531 6
86533 6
86539 6
86561 6
86573 6
86579 6
86587 6
86599 6
86627 6
86629 6
86677 6
86689 6
86693 6
86711 6
86719 6
86729 6
86743 6
86753 6
86767 6
86771 6
86783 6
86813 6
86837 6
86843 6
86851 6
86857 6
86861 6
86869 6
86923 6
86927 6
86929 6
86939 6
86951 6
86959 6
86969 6
86981 6
86993 6
87011 6
87013 6
87037 6
87041 6
87049 6
87071 6
87083 6
87103 6
87107 6
87119 6
87121 6
87133 6
87149 6
87151 6
87179 6
87181 6
87187 6
87211 6
87221 6
87223 6
87251 6
87253 6
87257 6
87277 6
87281 6
87293 6
87299 6
87313 6
87317 6
87323 6
87337 6
87359 6
87383 6
87403 6
87407 6
87421 6
87427 6
87433 6
87443 6
87473 6
87481 6
87491 6
87509 6
87511 6
87517 6
87523 6
87539 6
87541 6
87547 6
87553 6
87557 6
87559 6
87583 6
87587 6
87589 6
87613 6
87623 6
87629 6
87631 6
87641 6
87643 6
87649 6
87671 6
87679 6
87683 6
87691 6
87697 6
87701 6
87719 6
87721 6
87739 6
87743 6
87751 6
87767 6
87793 6
87797 6
87803 6
87811 6
87833 6
87853 6
87869 6
87877 6
87881 6
87887 6
87911 6
87917 6
87931 6
87943 6
87959 6
87961 6
87973 6
87977 6
87991 6
88001 6
88003 6
88007 6
88019 6
88037 6
88069 6
88079 6
88093 6
88117 6
88129 6
88169 6
88177 6
88211 6
88223 6
88237 6
88241 6
88259 6
88261 6
88289 6
88301 6
88321 6
88327 6
88337 6
88339 6
88379 6
88397 6
88411 6
88423 6
88427 6
88463 6
88469 6
88471 6
88493 6
88499 6
88513 6
88523 6
88547 6
88589 6
88591 6
88607 6
88609 6
88643 6
88651 6
88657 6
88661 6
88663 6
88667 6
88681 6
88721 6
88729 6
88741 6
88747 6
88771 6
88789 6
88793 6
88799 6
88801 6
88807 6
88811 6
88813 6
88817 6
88819 6
88843 6
88853 6
88861 6
88867 6
88873 6
88883 6
88897 6
88903 6
88919 6
88937 6
88951 6
88969 6
88993 6
88997 6
89003 6
89009 6
89017 6
89021 6
89041 6
89051 6
89057 6
89069 6
89071 6
89083 6
89087 6
89101 6
89107 6
89113 6
89119 6
89123 6
89137 6
89153 6
89189 6
89203 6
89209 6
89213 6
89227 6
89231 6
89237 6
89261 6
89269 6
89273 6
89293 6
89303 6
89317 6
89329 6
89363 6
89371 6
89381 6
89387 6
89393 6
89399 6
89413 6
89417 6
89431 6
89443 6
89449 6
89459 6
89477 6
89491 6
89501 6
89513 6
89519 6
89521 6
89527 6
89533 6
89561 6
89563 6
89567 6
89591 6
89597 6
89599 6
89603 6
89611 6
89627 6
89633 6
89653 6
89657 6
89659 6
89669 6
89671 6
89681 6
89689 6
89753 6
89759 6
89767 6
89779 6
89783 6
89797 6
89809 6
89819 6
89821 6
89833 6
89839 6
89849 6
89867 6
89891 6
89897 6
89899 6
89909 6
89917 6
89923 6
89939 6
89959 6
89963 6
89977 6
89983 6
89989 6
90001 6
90007 6
90011 6
90017 6
90019 6
90023 6
90031 6
90053 6
90059 6
90067 6
90071 6
90073 6
90089 6
90107 6
90121 6
90127 6
90149 6
90163 6
90173 6
90187 6
90191 6
90197 6
90199 6
90203 6
90217 6
90227 6
90239 6
90247 6
90263 6
90271 6
90281 6
90289 6
90313 6
90353 6
90359 6
90371 6
90373 6
90379 6
90397 6
90401 6
90403 6
90407 6
90437 6
90439 6
90469 6
90473 6
90481 6
90499 6
90511 6
90523 6
90527 6
90529 6
90533 6
90547 6
90583 6
90599 6
90617 6
90619 6
90631 6
90641 6
90647 6
90659 6
90677 6
90679 6
90697 6
90703 6
90709 6
90731 6
90749 6
90787 6
90793 6
90803 6
90821 6
90823 6
90833 6
90841 6
90847 6
90863 6
90887 6
90901 6
90907 6
90911 6
90917 6
90931 6
90947 6
90971 6
90977 6
90989 6
90997 6
91009 6
91019 6
91033 6
91079 6
91081 6
91097 6
91099 6
91121 6
91127 6
91129 6
91139 6
91141 6
91151 6
91153 6
91159 6
91163 6
91183 6
91193 6
91199 6
91229 6
91237 6
91243 6
91249 6
91253 6
91283 6
91291 6
91297 6
91303 6
91309 6
91331 6
91367 6
91369 6
91373 6
91381 6
91387 6
91393 6
91397 6
91411 6
91423 6
91433 6
91453 6
91457 6
91459 6
91463 6
91493 6
91499 6
91513 6
91529 6
91541 6
91571 6
91573 6
91577 6
91583 6
91591 6
91621 6
91631 6
91639 6
91673 6
91691 6
91703 6
91711 6
91733 6
91753 6
91757 6
91771 6
91781 6
91801 6
91807 6
91811 6
91813 6
91823 6
91837 6
91841 6
91867 6
91873 6
91909 6
91921 6
91939 6
91943 6
91951 6
91957 6
91961 6
91967 6
91969 6
91997 6
92003 6
92009 6
92033 6
92041 6
92051 6
92077 6
92083 6
92107 6
92111 6
92119 6
92143 6
92153 6
92173 6
92177 6
92179 6
92189 6
92203 6
92219 6
92221 6
92227 6
92233 6
92237 6
92243 6
92251 6
92269 6
92297 6
92311 6
92317 6
92333 6
92347 6
92353 6
92357 6
92363 6
92369 6
92377 6
92381 6
92383 6
92387 6
92399 6
92401 6
92413 6
92419 6
92431 6
92459 6
92461 6
92467 6
92479 6
92489 6
92503 6
92507 6
92551 6
92557 6
92567 6
92569 6
92581 6
92593 6
92623 6
92627 6
92639 6
92641 6
92647 6
92657 6
92669 6
92671 6
92681 6
92683 6
92693 6
92699 6
92707 6
92717 6
92723 6
92737 6
92753 6
92761 6
92767 6
92779 6
92789 6
92791 6
92801 6
92809 6
92821 6
92831 6
92849 6
92857 6
92861 6
92863 6
92867 6
92893 6
92899 6
92921 6
92927 6
92941 6
92951 6
92957 6
92959 6
92987 6
92993 6
93001 6
93047 6
93053 6
93059 6
93077 6
93083 6
93089 6
93097 6
93103 6
93113 6
93131 6
93133 6
93139 6
93151 6
93169 6
93179 6
93187 6
93199 6
93229 6
93239 6
93241 6
93251 6
93253 6
93257 6
93263 6
93281 6
93283 6
93287 6
93307 6
93319 6
93323 6
93329 6
93337 6
93371 6
93377 6
93383 6
93407 6
93419 6
93427 6
93463 6
93479 6
93481 6
93487 6
93491 6
93493 6
93497 6
93503 6
93523 6
93529 6
93553 6
93557 6
93559 6
93563 6
93581 6
93601 6
93607 6
93629 6
93637 6
93683 6
93701 6
93703 6
93719 6
93739 6
93761 6
93763 6
93787 6
93809 6
93811 6
93827 6
93851 6
93871 6
93887 6
93889 6
93893 6
93901 6
93911 6
93913 6
93923 6
93937 6
93941 6
93949 6
93967 6
93971 6
93979 6
93983 6
93997 6
94007 6
94009 6
94033 6
94049 6
94057 6
94063 6
94079 6
94099 6
94109 6
94111 6
94117 6
94121 6
94151 6
94153 6
94169 6
94201 6
94207 6
94219 6
94229 6
94253 6
94261 6
94273 6
94291 6
94307 6
94309 6
94321 6
94327 6
94331 6
94343 6
94349 6
94351 6
94379 6
94397 6
94399 6
94421 6
94427 6
94433 6
94439 6
94441 6
94447 6
94463 6
94477 6
94483 6
94513 6
94529 6
94531 6
94541 6
94543 6
94547 6
94559 6
94561 6
94573 6
94583 6
94597 6
94603 6
94613 6
94621 6
94649 6
94651 6
94687 6
94693 6
94709 6
94723 6
94727 6
94747 6
94771 6
94777 6
94781 6
94789 6
94793 6
94811 6
94819 6
94823 6
94837 6
94841 6
94847 6
94849 6
94873 6
94889 6
94903 6
94907 6
94933 6
94949 6
94951 6
94961 6
94993 6
94999 6
95003 6
95009 6
95021 6
95027 6
95063 6
95071 6
95083 6
95087 6
95089 6
95093 6
95101 6
95107 6
95111 6
95131 6
95143 6
95153 6
95177 6
95189 6
95191 6
95203 6
95213 6
95219 6
95231 6
95233 6
95239 6
95257 6
95261 6
95267 6
95273 6
95279 6
95287 6
95311 6
95317 6
95327 6
95339 6
95369 6
95383 6
95393 6
95401 6
95413 6
95419 6
95429 6
95441 6
95443 6
95461 6
95467 6
95471 6
95479 6
95483 6
95507 6
95527 6
95531 6
95539 6
95549 6
95561 6
95569 6
95581 6
95597 6
95603 6
95617 6
95621 6
95629 6
95633 6
95651 6
95701 6
95707 6
95713 6
95717 6
95723 6
95731 6
95737 6
95747 6
95773 6
95783 6
95789 6
95791 6
95801 6
95803 6
95813 6
95819 6
95857 6
95869 6
95873 6
95881 6
95891 6
95911 6
95917 6
95923 6
95929 6
95947 6
95957 6
95959 6
95971 6
95987 6
95989 6
96001 6
96013 6
96017 6
96043 6
96053 6
96059 6
96079 6
96097 6
96137 6
96149 6
96157 6
96167 6
96179 6
96181 6
96199 6
96211 6
96221 6
96223 6
96233 6
96259 6
96263 6
96269 6
96281 6
96289 6
96293 6
96323 6
96329 6
96331 6
96337 6
96353 6
96377 6
96401 6
96419 6
96431 6
96443 6
96451 6
96457 6
96461 6
96469 6
96479 6
96487 6
96493 6
96497 6
96517 6
96527 6
96553 6
96557 6
96581 6
96587 6
96589 6
96601 6
96643 6
96661 6
96667 6
96671 6
96697 6
96703 6
96731 6
96737 6
96739 6
96749 6
96757 6
96763 6
96769 6
96779 6
96787 6
96797 6
96799 6
96821 6
96823 6
96827 6
96847 6
96851 6
96857 6
96893 6
96907 6
96911 6
96931 6
96953 6
96959 6
96973 6
96979 6
96989 6
96997 6
97001 6
97003 6
97007 6
97021 6
97039 6
97073 6
97081 6
97103 6
97117 6
97127 6
97151 6
97157 6
97159 6
97169 6
97171 6
97177 6
97187 6
97213 6
97231 6
97241 6
97259 6
97283 6
97301 6
97303 6
97327 6
97367 6
97369 6
97373 6
97379 6
97381 6
97387 6
97397 6
97423 6
97429 6
97441 6
97453 6
97459 6
97463 6
97499 6
97501 6
97511 6
97523 6
97547 6
97549 6
97553 6
97561 6
97571 6
97577 6
97579 6
97583 6
97607 6
97609 6
97613 6
97649 6
97651 6
97673 6
97687 6
97711 6
97729 6
97771 6
97777 6
97787 6
97789 6
97813 6
97829 6
97841 6
97843 6
97847 6
97849 6
97859 6
97861 6
97871 6
97879 6
97883 6
97919 6
97927 6
97931 6
97943 6
97961 6
97967 6
97973 6
97987 6
98009 6
98011 6
98017 6
98041 6
98047 6
98057 6
98081 6
98101 6
98123 6
98129 6
98143 6
98179 6
98207 6
98213 6
98221 6
98227 6
98251 6
98257 6
98269 6
98297 6
98299 6
98317 6
98321 6
98323 6
98327 6
98347 6
98369 6
98377 6
98387 6
98389 6
98407 6
98411 6
98419 6
98429 6
98443 6
98453 6
98459 6
98467 6
98473 6
98479 6
98491 6
98507 6
98519 6
98533 6
98543 6
98561 6
98563 6
98573 6
98597 6
98621 6
98627 6
98639 6
98641 6
98663 6
98669 6
98689 6
98711 6
98713 6
98717 6
98729 6
98731 6
98737 6
98773 6
98779 6
98801 6
98807 6
98809 6
98837 6
98849 6
98867 6
98869 6
98873 6
98887 6
98893 6
98897 6
98899 6
98909 6
98911 6
98927 6
98929 6
98939 6
98947 6
98953 6
98963 6
98981 6
98993 6
98999 6
99013 6
99017 6
99023 6
99041 6
99053 6
99079 6
99083 6
99089 6
99103 6
99109 6
99119 6
99131 6
99133 6
99137 6
99139 6
99149 6
99173 6
99181 6
99191 6
99223 6
99233 6
99241 6
99251 6
99257 6
99259 6
99277 6
99289 6
99317 6
99347 6
99349 6
99367 6
99371 6
99377 6
99391 6
99397 6
99401 6
99409 6
99431 6
99439 6
99469 6
99487 6
99497 6
99523 6
99527 6
99529 6
99551 6
99559 6
99563 6
99571 6
99577 6
99581 6
99607 6
99611 6
99623 6
99643 6
99661 6
99667 6
99679 6
99689 6
99707 6
99709 6
99713 6
99719 6
99721 6
99733 6
99761 6
99767 6
99787 6
99793 6
99809 6
99817 6
99823 6
99829 6
99833 6
99839 6
99859 6
99871 6
99877 6
99881 6
99901 6
99907 6
99923 6
99929 6
99961 6
99971 6
99989 6
99991 6
